id	Adrenal_Gland	Artery_Aorta	Artery_Tibial	AverageContext	Brain_Hypothalamus	Brain_Nucleus_accumbens_basal_ganglia	Brain_Substantia_nigra	Colon_Sigmoid	Esophagus_Mucosa	Minor_Salivary_Gland	Pancreas	Pituitary	Prostate	Skin_Not_Sun_Exposed_Suprapubic	Skin_Sun_Exposed_Lower_leg	Testis	Thyroid	Vagina
GTEX-111FC													0.491488163267588	0.387540920736362		0.457254166160001	0.0244223415143871	
GTEX-111VG														0.0979753868877429	0.0354897084200988	0.119662315744846	-0.0462549417606001	
GTEX-111YS	-0.636591105375757		-0.566625540727637					-0.707922119405556	-0.635293132766069		-0.829233261712604		-0.634947181184999	-0.709912286186691		-0.675694397580797	-0.0451152457554403	
GTEX-1122O	0.68680814203353	0.296545998222639						0.600032104203333	0.418455011282617		0.46993230867695				0.159509553837639		0.264933657587637	
GTEX-1128S		0.145831380266471	0.168271431266877								0.187383338780066				0.0817733740209712		-0.169635381799465	
GTEX-113JC												-0.294148086366111			-0.145675614824549		0.00958007765978192	
GTEX-117XS		-0.460922481030475						-0.555149641006652				-0.775720797616526			-0.238269665247179	-0.597117296014001	-0.577114433797409	
GTEX-117YW		-0.520901939885691	-0.629310432799469						-0.772978615180363			-1.03767016544775	-0.679284468541406		-0.272532589397237	-0.645870661170819	-0.748567455519115	
GTEX-1192W												-0.254261098049893			-0.0477574653132324		-0.3315747822281	
GTEX-1192X										-0.0192165237876565		0.0254318061952255		0.174000277563205	0.0148447748313545		-0.254201083645121	
GTEX-11DXX	0.367125153068179	0.250197920612594	0.308804434730179					0.218143873189373	0.308170314870775		0.440470711949894			0.562956414704562	0.13513222859542		0.348041142906274	0.299386079936411
GTEX-11DXY	-0.164511548231973							-0.0740992373652688	-0.376184808294848			-0.431759184516553		-0.333192015076833	-0.0961972925682135	-0.227454682673044	-0.554857228960446	
GTEX-11DZ1									-0.425204876645622					-0.513714161243705	-0.166076155839442		-0.367994727125206	
GTEX-11EI6			-0.23495878494228					-0.230583369663159	-0.173123028149632			-0.458895292200426		-0.321648130091547	-0.100461651737063	-0.245531770894742	-0.0967081415370814	
GTEX-11EM3	0.465483588710976	0.514041050558974	0.628327123990081					0.320504689313514	0.705038492765239					0.868551823179333	0.271505053827971		0.733873268302894	0.48247629156431
GTEX-11EMC	0.0512207169680124	-0.0209818945420992	-0.0161646812231181					0.395084356016807	-0.0223769647329114	-0.248673036561554		0.068391429401762			-0.00759053624053011		-0.299296053710614	0.2423442247275
GTEX-11EQ8			1.56287074290938											2.07546633119976		1.80718507482742	1.6229879612097	
GTEX-11EQ9	-0.50473566838456		-0.449864616548273					-0.48076972345611	-0.483049277787446	-0.316056516189651	-0.148268005549713		-0.445850397505828	-0.560841304968105	-0.198863076789185	-0.444888654616867	-0.515145298886141	
GTEX-11GS4		0.114004526994164	0.123820811522591					0.162607412532378				0.113414114016621		0.145520456081781	0.0655047419483781	0.120926483795157	0.436311775780389	
GTEX-11GSO												0.635519386057206			0.192446370671493		0.592119229071919	
GTEX-11GSP	-0.817251676940867	-0.554748512037617	-0.671011971947743						-0.774403610073163		-0.516542566420208	-1.10681551297274		-0.878063532491727	-0.289648590577077			-0.528824187293995
GTEX-11I78	-0.280651926790488	-0.126654061255161	-0.149856691096361					-0.279191739382157	0.0792935839028734		-0.0737970035702182						-0.0733522500106663	-0.143403356984426
GTEX-11LCK		0.21720993937118	0.277820068142266						0.340993398140304		0.394433608963233			0.325599471367412	0.115835334694907	0.339624206352846	0.241121022135964	
GTEX-11NUK		0.255890334744316	0.31312026933536						0.439828871524146			0.475958373623623		0.314381234290558	0.138349286433999	0.341838085906952	0.315438206864659	
GTEX-11P81		0.0139255981905235	-0.0124445000795361					-0.146754473106726	-0.034181127128607	-0.00967837567498803				0.0236655157976325	0.0108095398313797		-0.0344079709504991	-0.068817340183708
GTEX-11P82		-0.0651568149345535							0.065870806216404	-0.0468876604644201			-0.0294645337729856	-0.0830606347396598	-0.0307756095060242	-0.0408691997251433	-0.326996145868282	
GTEX-11TTK															0.359938403987128		1.14973359471168	0.429874383463582
GTEX-11TUW		0.413871781318701	0.525911588652351					0.606337583888856	0.698966055232226	0.228427679866476		0.9724738683253	0.622317901601325	0.702552337744574	0.219108844047578	0.596697325710322	0.0674350076679743	
GTEX-11UD2		0.238056511919701	0.293159351975438											0.336960251017109	0.131362338232139		0.507395077289055	
GTEX-11VI4			0.141995803084109					0.340596827183567	0.102174087903392		0.295560799939111			0.207620754912597	0.0792177559104389		0.481091076263151	0.0736031510241719
GTEX-11WQK		-0.0826177077081399			0.0108110478788392			-0.0091709836843504		-0.112019003675099		0.239762816371054	-0.101250665569472	-0.213454048928652	-0.0349911703580571			
GTEX-11XUK	-0.320744015166013		-0.0512595607774026						0.193018952872948		0.356826079285494				-0.0169000580032806		-0.319538506104668	0.0892220262686108
GTEX-11ZTS		0.373185006159042	0.469710411147162		0.515435554174497		0.576391120001403	0.62299835940865	0.665530778721216	0.374585205344199		1.06894142351446			0.203327242141531		0.504138231468086	
GTEX-11ZTT								0.53175927281128		0.129688119635226				0.36514049390089	0.106396888855661		0.0767761548269947	
GTEX-11ZUS			-0.163587839831141		-0.271322274832445							-0.254241416593324	-0.104554504723957	-0.0853750997951194		-0.172580410443298		
GTEX-11ZVC		-0.317438354750173	-0.337087302739559									-0.559833700659888			-0.158787291991584		-0.140153314314292	
GTEX-1211K	0.403930037420699	0.238974000429916	0.299911640639859					0.350330428904985	0.377316274951907		0.171140744095226			0.344939971703824	0.130243864497294		0.0887625183031214	
GTEX-1212Z		0.636085409114841	0.760746294161703					0.812976952026436	0.873709595783666			1.41423849279517		0.985120260839284	0.341011024741281	0.866363292986019	0.907009685178705	
GTEX-12584			-0.574608917086635			-0.346379888733201						-0.625549181422645		-0.663808558801238	-0.259367952090336		-0.966973252292416	
GTEX-12BJ1	-0.239027085897944		-0.256048667874889					-0.470367792910258	-0.283378157614615	-0.190718913178538	-0.507625781676134		-0.34487069635595	-0.433792065872168		-0.325005437193607	0.0647955103561595	
GTEX-12C56		0.245551503766856	0.313614887173457						0.462046348092436				0.423533320902364	0.411446731678079	0.131977709307704	0.38223378816446		
GTEX-12KS4		0.076337687570824						0.0442299333553537	-0.0440383585379195					0.149913635184138	0.0386499614576275			
GTEX-12WSA					-0.0877382055845885		-0.398372410235457		-0.209697875204255					-0.292847022971592	-0.0661500313008987			
GTEX-12WSE						-0.12800319650241						-0.228200491629345			-0.136242837804049		-0.430352777607314	
GTEX-12WSF						0.11932894102687	0.235552005427087					0.630399158518912		0.267811720110278				
GTEX-12WSG	-0.0294628676523379							-0.0775967902865352	0.0242751774947366		0.226147348925811				-0.011131845555576		0.122303600170597	
GTEX-12WSH			0.289449755556343			0.179354908670556	0.28218988034032					0.505637968647763		0.397138790504173		0.339367256946144	0.178007890397203	
GTEX-12WSJ	-0.287536833734288							-0.56513938379187						-0.203476068629918	-0.083873414129863		-0.155466529324707	-0.106289173186965
GTEX-12WSK	0.0607693521803825	-0.00978286867147737	-0.0158993675672818						-0.137396643282612		0.263298684287281			0.00838619362349253	-0.00248349931597658		0.148886218476366	
GTEX-12WSL	0.535422125940688		0.506590871932054					0.522117266461394	0.573513492750571	0.196067347275685	0.977523486287598			0.570741975272989	0.218328774812426	0.562996406437791	0.501564639501679	
GTEX-12WSM			-0.108266388914879		-0.350013127206843	-0.154592286904305		-0.427133519103675		0.032418102935986		-0.180694451678004		-0.157511623262002		-0.114638982030257		
GTEX-12WSN	0.309241079644778	0.00243219134703514	0.0107429678862958							0.168424904128924	-0.100154218332276			-0.035368817756074	0.00694448705899772		-0.194143504054992	
GTEX-12ZZW			-0.714738459120077			-0.319518978388245		-0.746169449596083	-0.544642037749255			-0.924043676282993						
GTEX-12ZZY		0.171222654750285	0.207620824230205			0.236449593910141		0.0103226690945989	0.215651911454069			0.464924403064792		0.380099225318226	0.0887461910844851	0.269770604376492	0.199433265829453	
GTEX-12ZZZ	0.0609409908074501					-0.159021803270679							-0.195159769733991	-0.371660204946921	-0.0828912092374527		0.128207093996057	
GTEX-13111	0.640446117510105	0.458158124547437	0.55724607598105					0.307199027690322	0.804367771147115	0.28609991098054			0.702065813504164		0.24230250817222	0.625258439271809	0.705657172112689	
GTEX-13112					-0.212667689934254	-0.237642426510689						-0.478993678110425		-0.495539634628657	-0.132751894487737	-0.331903249314626	-0.20942540468387	
GTEX-1313W		-0.305247165886576			-0.461678328236272	-0.278506853957621	-0.618203995263002					-0.52299489628076		-0.267966775866866	-0.16062815803603		-0.49222342725174	
GTEX-1314G			-0.869045654337138							-0.61399357443618				-1.08939299852379	-0.365774478374646			
GTEX-131XG	0.060600525600382		0.138822352735815					-0.0592664699200965	0.30679537302081		0.225798926411787			0.391692481086408	0.0599407274784014		-0.149853059754003	0.271267658218862
GTEX-131XW		0.400908833394461	0.477431461461835		0.34795962711388	0.0840246794829957						0.902329392924423		0.712302492699891	0.21128258658293			
GTEX-131YS	0.136420612301336	0.00579702652974758	0.0434530793446137					0.0202875519563818	0.199337321664391			0.087788313808149		0.0039355071114925	0.00890297591906533		0.577558959344208	-0.0978189153487218
GTEX-132NY	0.963699561187555		0.755530345343761					0.764129724628569					0.895190200006241		0.33425459823485		0.529107129020328	
GTEX-132Q8			0.112239354990744		0.230376572178212	0.0439604074432809	0.344819100271883		0.0940872563753118									
GTEX-133LE		-0.483145834599775	-0.559184349140802						-0.549396917029308					-0.768935371475562	-0.248450888033429		-0.635524512411209	
GTEX-139D8		0.262614426678454						0.53278177339555						0.38149372882584	0.143124440422151			
GTEX-139TT			-0.349062729703851			-0.21737934953552						-0.257747462229433		-0.416535759279544	-0.151929364992197	-0.351411670503786		
GTEX-139UW		-0.130915800843732	-0.151480685133263					-0.152683182256219	-0.244471552067672					-0.1792470076491	-0.0655935426864396		-0.311785501280206	
GTEX-139YR	-0.00339450681630518	0.0103112153588016	0.0348757432689985						0.119053242947381		-0.345373558876608			0.0758437825041829			0.2109213922201	
GTEX-13CF2					-0.55231051106388		-0.620631445989542	-0.56542812363995		-0.325512768841843		-0.944221741930741			-0.248752702014145			
GTEX-13CF3	0.557608372030538	0.245195208353993	0.287898126600975					0.336706674125096	0.445125233068468		0.277252846717273				0.134314869251097		0.694948668149862	
GTEX-13D11	-0.16334415325352	-0.372564700532095	-0.426763859373697					-0.446086415485823	-0.548479976100745		-0.611625638889628			-0.674478925716997	-0.191796124021864		0.0144779933588739	-0.329099094206044
GTEX-13FH7	0.247340083395576	0.0412228595097591	0.0449801127806806					-0.0386155168222878	-0.129973150098999		-0.0988667055782059			0.051288858760552	0.0257150479671113		-0.0993325249347513	
GTEX-13FHO		0.207003371405829				0.179160668598673		-0.0115345811987526	0.305605239065726			0.626860402199002	0.379603805536529	0.269068303780657	0.117942355945619		0.357097878718733	
GTEX-13FLV		-0.209531924236825			-0.345132285038646	-0.344907273046287			-0.197605834781341		0.0701864922804958			-0.221054698194128			-0.462741389953673	
GTEX-13FTW	-0.574512792908028		-0.261785481999378					-0.198628572691971	-0.312025335349556		-0.24002966339759		-0.249371594776683	-0.279697301222245	-0.106367621679296	-0.28224926824943	-0.188715034843117	
GTEX-13FTY			0.467078131469076									0.559449380765126		0.629399225682138	0.198779976755375		0.2986208435029	
GTEX-13G51			-0.0142603887482338		0.0424971145111967	0.0360535350714711	-0.263326883371875	-0.202549945716073	-0.0311698414850703	0.0803109764346859		-0.0105330483299761	0.0490539102049493	0.0442689789783686	-0.0123220435382596		-0.0824237816555185	
GTEX-13IVO					0.161799499055801	-0.0396360607711555						-0.221274942940991		-0.1969052057732	-0.048558887447142		-0.271719628802351	
GTEX-13JVG			-0.0352798685916172		0.167333925127779	-0.144887625646297				-0.0519269962632981		-0.037036162966076		0.0285850647937739			0.136372164987801	
GTEX-13N2G		-0.377842736018547				-0.0444024008286099	-0.654466108493191	-0.363750715938386				-0.631428748456555	-0.589549935447125	-0.706146347691222	-0.193753824654483	-0.523524602215454	-0.114098850865482	
GTEX-13NYC			-0.0555168865854348											-0.19305217442874	-0.0147409225461392		-0.299687766196515	
GTEX-13NYS			-0.190333588548147		-0.151316994492176	-0.0270234003781117	-0.221843252855637					-0.13833476132188	-0.151705426620292	-0.224206631919806	-0.0717243555887068			
GTEX-13NZ8			-0.122019755936327		-0.0392752007811326									-0.200444974102817	-0.0432561694841158		0.0641797262954119	
GTEX-13NZA					-0.266396520184591							-0.351430444134375			-0.125262821002204	-0.346628137258677	-0.31267427674792	
GTEX-13NZB			0.801083606639267						1.11280944167217						0.352813209926662	0.955320513603104		
GTEX-13O1R		0.510380094455405						0.624429566369852	1.22587013549775		0.77536196649801	1.01148446821991			0.273894166966861	0.728214082800463	0.308562864291127	
GTEX-13O21	-0.53809764672775	-0.321046830534748	-0.35012798507227						-0.483036901978232	-0.0427752921138129			-0.388700982682147		-0.161957569087171	-0.442349209857238	-0.602035375145974	
GTEX-13O3O	0.467881553021397	0.184256275511513	0.239749635423514		0.221342245983749	0.250304856958856	0.478930075381014							0.300965120731383	0.103879900375472		0.661645578387543	
GTEX-13O3P		-0.155263605277298	-0.173169710159061												-0.0784016016860896		0.0659414373021556	
GTEX-13O3Q			0.300048009301705		0.179095488579587	0.261946917084346	0.425153928182175		0.459115936974808					0.47678916153637	0.138370787064047		0.220281459301409	
GTEX-13OVG		-0.0619408254351384	-0.067313690458422						0.13735811814696					-0.091613004822804	-0.0265821314846031		-0.0622887910635253	
GTEX-13OVH			-0.0588854273054342		-0.155326079870293	0.0866098665923348						0.0288126860837422		-0.106274248916448	-0.0363252967371891	-0.129404921724981		
GTEX-13OVJ					0.292378701558108	0.0760671890795034	0.508593452193328	0.485412367643597	0.267529758231338			0.284883885378446		0.220181214018816	0.0926160456097018		0.113899997812191	
GTEX-13OVK			0.372741149469318					0.517417851952076	0.768796950632606	0.154321069470886				0.404895848250485	0.171021753505183	0.431720028381355	0.304581095352534	
GTEX-13OVL			-0.10174017054257		-0.205055820570499	-0.0417387731677827				-0.311239936616545		0.108066418567707		-0.174578121573955	-0.0485738017953033	-0.114386727009294		
GTEX-13OW5		-0.088586588253575			-0.158491088774442	-0.138048372464859		-0.447311528602634				-0.00805595408202208		-0.0637047629707134	-0.0435565436616128	-0.0474984599028017	-0.300588521486422	
GTEX-13OW6	-0.418227010113481	-0.231346264981	-0.260752992022164		-0.32288040207928	-0.0861316675624591	-0.245722055836425	-0.30045846314833				-0.256688230483072		-0.300383778341802	-0.117776310049199	-0.287473342338506	-0.113456454780734	
GTEX-13OW7	-0.637780075310937		-0.522458558998315		-0.597595345493872							-0.73652423162621		-0.623686607315475	-0.22511794277036		-0.546559617500722	
GTEX-13OW8		0.1312312279231	0.158450972498639		0.190951126840065	0.0163034778372145	0.502626069630817	0.167471259253798	0.156502540703477			0.477535122874517	0.222527928626302	0.178962996802863	0.0740219158323163	0.217843729455603	0.360073380768632	
GTEX-13PL6			0.0669620443585937			0.205918768625779								0.0207898987913428			0.15994086741719	
GTEX-13PL7	-0.0043556153781831		0.0145337321332857					-0.115776479820642	-0.065692162701096		0.171116337413908							0.0724178524735236
GTEX-13PVQ		0.250357678750842	0.311378848828361					0.340381231584896	0.352833829765545					0.475798917316837	0.135123180139163		0.0144004326672021	
GTEX-13PVR	0.149032762174525	0.143037512550073	0.155247013526393					0.0450216514089726	0.205714707998314		0.171239392434638			0.28977940182647	0.0789346381125167		0.159442806295633	0.27807896777625
GTEX-13QBU	-0.132667244879872	-0.11329442579761	-0.124141714202655					-0.231434544142803	-0.0888115217786583	-0.0599154730570134				-0.194572917079572			-0.0781610328140108	-0.178461600491987
GTEX-13QIC			-0.147044581194712		-0.216422359135714													-0.175147753687271
GTEX-13QJ3			-0.250736566868073						-0.367188725582218						-0.10393278092765	-0.241799464935406	-0.262899256510261	
GTEX-13QJC			0.395149841951545		0.410575221185141	0.393653728711985	0.315456954330111			0.2073658979733		0.580500887352228		0.523331626490239			0.789931345647351	
GTEX-13RTJ			0.645032910925483		0.489579877071899	0.029875588466751	0.885846043384482	0.695627045496489				1.15925856487812	0.833762339449513	0.865328275263053	0.284022908422566		0.85753666773592	
GTEX-13RTK		0.318346888500002	0.378496672922988						0.324158016542969						0.172375196032205		0.90573389951331	
GTEX-13S86			-0.16266801145679						-0.109683879876282								-0.115047566366261	
GTEX-13SLW					0.0591217765387134	0.144099690027951	-0.151725617294472	0.0485054333216207				0.128554590210222		0.160813516147093	0.0573747634038375			
GTEX-13U4I		-0.30367485764137	-0.365114813238593					-0.288313425394341	-0.446082341013806		-0.0710586797064718			-0.59282705631252	-0.155795810507882		-0.624498593811844	-0.245172428646044
GTEX-13VXU			0.0774500822108756			-0.257108614929011						0.478750937316397		0.180713945522689	0.0393935189441102	0.126637295877779	-0.0505182525709014	
GTEX-13W3W	0.421210533729205	0.246667814171451	0.27802922239668						0.398845615864849		0.369828158136786			0.402036911050903	0.132726481265217			0.366870444510915
GTEX-13W46		-0.442337386216954	-0.52909784836984						-0.686981955584772						-0.228657049334524		-0.553496107849656	
GTEX-13X6H			-0.340189984756094						-0.533227925860048		-0.259230275781756			-0.402366682934165	-0.150337326847141		-0.796293793811042	
GTEX-13X6I		0.425861904960545			0.690466280505765		0.629360449765441	0.438860213598431	0.617384499469184					0.676071189069196	0.22570138663739			
GTEX-13X6J					0.802781529409056	0.291819824920091		0.941353635008818				1.36227546015565		1.01900147162868	0.348453952952245		0.801902373018382	
GTEX-13X6K		-0.49077917462135	-0.5894966868847		-0.534670120658976	-0.403695039250744	-1.08851488861668	-0.71934041467899	-0.709631449966023			-0.877103444624011		-0.641872802795542				
GTEX-145MF			0.510948825722328						0.597767216056418			0.714551179548448		0.735450603441223	0.229641231452818	0.605573254505618		
GTEX-145MH		-0.258526563771053	-0.307518945732101		-0.39941715973229	-0.167770444426223		-0.380605285815288				-0.47824150817966		-0.434268203323143		-0.363949609517948	-0.0962377720140549	
GTEX-145MI						-0.268341691520484								-0.0226867418544133	0.00538649204027608		0.497061764618051	
GTEX-145MO		-0.0510474179655492	-0.0545974055877267					0.0234802426478798	-0.102229573897403		-0.065381756073702	-0.194835424508589		-0.0391497662844211	-0.0221165909561494	-0.116839087300525		
GTEX-146FH		0.121644800116266	0.141062202444381					-0.0854676752665552	0.10637173075771						0.0679970865149822			0.435770529803754
GTEX-146FQ		-0.15442335152656	-0.171733579531275						-0.1543896368544		-0.220299775301358		-0.221089262388677	-0.247555060042609	-0.0766359466515609		0.0130678871157074	
GTEX-146FR	0.329964330466401	0.159889064742919	0.212877608439039						0.259222201923959	-0.0158487038853712	0.155195418811818				0.0890091265308761		0.732386318879384	0.270741923243623
GTEX-14753	0.0910985907917607		-0.262752507435748									-0.331254448894048		-0.346800335947569	-0.115445539523834	-0.336858660099466	-0.0508415597481848	
GTEX-1477Z					-0.125154468771545			0.0878583335677293				-0.115486946185758	-0.0757003335483344	-0.116375308185549			-0.0594579472309457	
GTEX-147F4	-0.355932371404306	-0.21157432780536	-0.235840451047502		-0.284231998031119							-0.357066636362922		-0.360001038095492	-0.106608858110224	-0.285426501574151	-0.321921897913713	
GTEX-147GR						0.211566108942336	0.29345518193642	0.202062699275233				-0.0421187284793251		-0.0328623899150237	0.0225140497508694	0.056946307179039	0.0784160519254441	
GTEX-147JS			0.24359866525209					0.196720585630588					0.310518848332655	0.338478144595277		0.289042917264138		
GTEX-148VI									-1.34862501438619		-1.17323416346646				-0.527862808826775		-1.6138751252351	
GTEX-148VJ			0.165647187489412					0.268738426980451	0.316325733049996			0.417973221535318	0.194394858326391	0.229556803371974	0.0686112459056625	0.203518617298144	0.199857072745332	
GTEX-14A5H			0.027693068855623					0.182408452875932				0.1484123444568		-0.00305054138144069	0.0177629225688902	0.0504498540914238	0.00558186283165509	
GTEX-14A5I	-0.343740582398468	-0.323901970971658						-0.54047171355485				-0.347732861579423			-0.168455807422133			-0.348162419177493
GTEX-14A6H			0.464497173212392						0.357421337326091					0.637615796444088	0.20427629612916	0.556145930699772	0.748090094097379	
GTEX-14ABY						-0.179745057996028						-0.286573807687069	-0.314368549640126	-0.364661619467645	-0.0988582826381571	-0.257511004568846	0.202254519604815	
GTEX-14B4R		-0.0723916345745834	-0.0862128075517103						-0.0894163498882673	-0.0275378741699467				-0.114136478844002		-0.0863568178775537	0.127466150093985	
GTEX-14BIL					0.142039908672437							0.360952270527026	0.272715588584135		0.0823271842575159	0.220384556397209		
GTEX-14BIM		0.316495006565994				0.325998728403951	0.419341665399272		0.335907160433403			0.719049056732844			0.170173044663521			
GTEX-14BIN			-0.20453139081876			-0.174671453248563	-0.206564924883032	-0.218428688992181	-0.184441923541286			-0.389978817259703		-0.22902832886876	-0.0879534721807889		-0.0481744322591496	
GTEX-14BMU	0.123097965270858	0.282355160869303	0.324988913787248					0.0481077311685679	0.568053695432456		0.50781122092552			0.544604680579408	0.151275940653334		0.0729851291308904	0.318769260875647
GTEX-14BMV		0.0141244566729221	0.0303920891760337			0.0700206134929038						0.280863127026632	0.0434923655740618	0.0176486223233124	0.01311189507478		0.780010581552866	
GTEX-14C38	-0.630850998813725								-0.567264993109583					-0.535414841510447		-0.476315463002607	-0.878463647352372	
GTEX-14C39	-0.673230440052292	-0.550246482439806	-0.669053871555678			-0.352455266484018		-0.58870594635091			-0.750896152917052	-0.924550879363161		-0.993856490820282		-0.7867728896165	-0.3340809770329	
GTEX-14C5O		-0.285415997018152	-0.349645312357043		-0.385557792500555	-0.100892699202217	-0.449456770753581	-0.450698579641767	-0.517813487613155			-0.548460985401461	-0.362136425486351	-0.303563620675448	-0.151096337424941	-0.364959106270963	-0.238156500337136	
GTEX-14DAQ	-0.0867824759972544	-0.0151249474386936	-0.0219234555800351					0.128783702916773	-0.0253890693135577			-0.126388418232628		0.0658878542022211	-0.00597761699558484		-0.20091082740654	-0.139233134925046
GTEX-14DAR	0.225509184227795		0.0538906517272742						0.0380042822028003		0.245716593022196		0.0908084584206756	0.166518931074291	0.0251064340105405	0.147042719371579		
GTEX-14E6C		-0.0599612186948153	-0.0543103711066819					-0.161626855765911				0.120371082442691		-0.131682258617605	-0.0293493233686563		0.386454133850815	
GTEX-14E6E	-0.121699617610675		-0.0708330319295895					-0.1261469345495	-0.068290204299273		0.173018869512706		-0.0479105749739511	-0.146814147300129	-0.0286204603941118	-0.0486391162438927	-0.306631804627235	
GTEX-14E7W		0.0349707090869864	0.0472592526309807			0.0791709464823367						0.2336132654494			0.0200670236655658	0.0724691811415141	0.173437632160759	
GTEX-14H4A	0.166011203700667								0.27446671826809									0.218998209957509
GTEX-14ICK									-0.995993880759482				-0.917133946132179		-0.361024913406448		-0.685451022835947	
GTEX-14ICL		0.088309084877296	0.104317527918596						-0.0533646926936692		-0.0982370004834511			0.085887694771424			-0.177608927289992	
GTEX-14JG1			-0.446205021871926			-0.227577601645429	-0.612118633898708					-0.688226116966228		-0.561475386189721	-0.187950575582587			
GTEX-14JG6	1.03432285525892		0.628599745560775					0.54414730323767	0.833081963544296		0.716837901633741				0.274443297874842			0.40388417549895
GTEX-14JIY					0.260203485760475	0.213376764121958			0.670972298247762	0.317133927451337							0.263239915925434	
GTEX-14LLW												-0.608129095984797		-0.479173827041682	-0.14940271696413			
GTEX-14LZ3					-0.238132189794244	-0.0529954749575969						-0.195708872873482		-0.149474263004085	-0.0663016138743296			
GTEX-14PHX								-0.104326373008593			-0.428024149844665			-0.415833340589063	-0.113328627988254	-0.340973922959295		
GTEX-14PII			-0.828072327198536											-1.03847985590054	-0.370646520347242		-1.07194617026862	
GTEX-14PJ2		0.256697497578574									0.243988825514924		0.404773523423635	0.466963485449618		0.341363986163703		
GTEX-14PJ4	-0.689024006706372	-0.382626115507546						-0.697190015193118	-0.486383271254855		-0.38468996874529		-0.443776135455988	-0.478916342714751		-0.488128228999101	-0.705568442123765	
GTEX-14PJ5			0.279000604097948						0.461788904543934					0.567950560488123				
GTEX-14PJ6	0.23892814667163	0.196886996115362							0.322535745124866		0.746026109521806			0.374044172025392	0.105837012357755		0.331032755942755	0.154815108584817
GTEX-14PJM		-0.257146933325948	-0.30117287043222		-0.228858072829437	-0.00431312788830854			-0.34677689927015		-0.84534751512882	-0.51901503067023			-0.132397363350312		0.0544635997341026	-0.348736904497056
GTEX-14PJN			0.28239282027904						0.301549240097655	0.30625029736275	0.290418180722814			0.461871603184016		0.374480482524878		
GTEX-14PJO					0.41021092798539		1.00159027360927				0.305452473581109		0.423947416935642	0.398606879143618			0.398534339664747	
GTEX-14PK6	-0.00847990137709495	0.0500998862013228	0.0566750819940238					-0.286868533593091	0.118728563082561		0.0315536198072109			0.0804447903194575	0.0299184315012547		0.0974619838553926	
GTEX-14PKU			-0.332039704138127								-0.46390706024364			-0.505472568048131			0.191338659306906	0.484380073932522
GTEX-14PKV	-0.259396526758484							-0.103500051790782	0.0366810975090834		0.10894335687365			0.0174564821968229			-0.306166173949364	
GTEX-14PN3	-0.379870282844762							-0.524310947572962			-0.197071505698906				-0.149947607955111		-0.429774649098092	-0.531135455929212
GTEX-14PN4			0.123361062386859		0.0982575319185245	0.247855092897602	0.500535988807107			-0.0933209881058905	0.204759516506702	0.332517508091999			0.0520060649443112		0.173812291619719	
GTEX-14PQA					1.32021783606194	0.588447513922878						1.75682460397874					1.66896964060143	
GTEX-14XAO	-0.356303992762935													-0.250488194954941	-0.0974778550607485		-0.436145867757026	
GTEX-15CHC		-0.372395270604467								-0.0360680738700647				-0.526300927865727	-0.193710533267009		-0.47565023630586	
GTEX-15CHQ			-0.433445366016967		-0.534450583361368	-0.17086192362741	-0.758851723734989	-0.62169255976453				-0.560352664233477		-0.487333532467838			-0.396002476005556	
GTEX-15CHR	0.0312198027567377												0.185993044832923	0.211977390075944			0.182936563882539	
GTEX-15D1Q			0.0810455509381935											0.136038939409936	0.0464247132139535		0.285299189006256	
GTEX-15DCD					0.0923198878698519	0.185422593990788	0.237830991628958		-0.0949740633611168			0.210460573373265			0.0350873042143664			
GTEX-15DYW	-0.594494530090881	-0.382722375931629				-0.212046625541597	-0.116264605304949	-0.592803426635717	-0.502447354779632		-0.212847148260209			-0.608909469059899	-0.198169482867651			-0.292908937618955
GTEX-15DZA		-0.672583461546319	-0.814919427938689					-0.925449708243653									-0.542889083337133	
GTEX-15EO6						0.435382200700028	0.486396057267627	0.263259372159732				0.442720099240035		0.369593289936234			0.510650731542257	
GTEX-15EOM			0.336749569194742						0.381108725233771						0.151585947701168			
GTEX-15ER7	-1.02824127555088	-0.707642881949362			-0.993796280788057	-0.627922313159934	-1.38149713722626	-1.16455271416367	-1.02778409274464		-0.635332481109635	-1.18985777334185		-1.11135851585119	-0.368527667392789		-0.733632198639258	-0.747782113333305
GTEX-15ETS		0.365790534779461	0.475309827472076					0.421332264322224	0.574242475164635						0.198331160701112		-0.0872173512328128	
GTEX-15EU6	0.801826851283692		0.630447985809266						1.11237116813443	0.370652847616026	0.805119898272792			0.799654024233963	0.279607459823777		1.06908245549328	
GTEX-15G19		-0.322590728555728			-0.406946038433981	-0.199528551382489		-0.44903219234855				-0.623607047532659		-0.495374646445572	-0.164989217387118	-0.415328835122306	-0.474474758103105	
GTEX-15G1A			0.080184732783089											0.203210101067141			-0.264590753068593	
GTEX-15RIE								-0.931984978318484	-0.916778184735234					-1.0676314018821		-0.905194581968912	-0.933732466252921	
GTEX-15RIF		-0.0709901077717959						0.0113821312328871	0.0459367366678946		0.100458064753031		-0.151408091016459		-0.0320790499407727	-0.085400061571926		
GTEX-15RJE		0.0245753633801676	0.0321711236212657			-0.101795543421682	0.242845214269475	0.0706819759721664	-0.0405856564996896	-0.0228962941959723				0.143302758188821			0.135265391556532	
GTEX-15SB6									0.363679060089966						0.0821616089517856		0.3622250637907	0.151326500107369
GTEX-15SHU	-0.0383367382463026	0.0300835465844802							0.0735205195059295						0.0171766612968705		0.0564809350072513	0.0120373797799058
GTEX-15SHV		-0.657432746521658								-0.546616739731964	-0.762819077691932				-0.342581781718855	-0.848365558241166	-1.02537902046217	
GTEX-15SKB			0.448013582592202											0.576309017526291		0.551945577026468		
GTEX-15UF6		0.151021494043056	0.17461889276157					0.142257571134343	0.235453058462858		0.232153082652128	0.305366522696438		0.11247664688465	0.0854750092766259		-0.000628024227472131	0.15058648658399
GTEX-15UF7			-0.518522364308751					-0.745995414145608	-0.787572731209099		-0.61551832286193							
GTEX-16BQI								0.0808342010966416	-0.0954117905944854					0.0081680029363859	0.028973723854053		-0.0697426504770001	
GTEX-16GPK			0.835432696525919		0.989556609810997							1.44401182783103	1.0497679013142	1.20118292638067	0.374055638814406		0.618315103238296	
GTEX-16MT8	-0.160606606567071		-0.27057884070672						-0.151694153210584		-0.22173833140005			-0.23646133306877	-0.103617850120471		-0.00382053693343038	
GTEX-16MTA			-0.114070953334094					0.143952482649458	-0.193511392401475				-0.116830046408188	-0.134515608624261		-0.144917544126323	0.00685050435035182	
GTEX-16NPV			-0.847646242782909		-0.920412671769861													-0.58756131308547
GTEX-16NPX									0.088936945780324					0.156515969155987	0.0174175563215733		-0.0421129936051505	
GTEX-16XZZ		-0.283236520936489	-0.340298306250868		-0.395866124960391	-0.0601086816943638		-0.0688635522379173				-0.580929907067741	-0.345814116200329	-0.369274968302994	-0.149425828426563	-0.369577255564558	-0.453023217734287	
GTEX-16YQH			-0.0630866982215803		-0.25392147458824	0.0254738632450305						0.0014652535176577	-0.114416732656779	-0.0377566326572172	-0.0223960574279328	-0.0484502378857644	0.0755476319937186	
GTEX-16Z82					0.186017343479601	0.172221783321153	0.927808563997671	0.112693557809575	-0.0330788571993267			0.0568920277237838		0.106891809998198		0.0700490261174691	-0.0439480514420789	
GTEX-178AV			0.120206594976697						0.287883222460558	-0.0123798061404747	0.363735067094852		0.203033933838458	0.0835884899082688			-0.241097398353785	
GTEX-17EVP		-0.227851181431177	-0.271219268958901		-0.4858664182904	-0.310907238550478	-0.51964760212458					-0.449297946660268		-0.335949227220179	-0.118859626519753		-0.444342789108171	
GTEX-17EVQ		0.255885099536917	0.335828835566004		0.294266888091323	0.172868315300679			0.42874328865922			0.670916639631711		0.403620172928279	0.13809884575938		1.11835805006489	
GTEX-17F96		0.191825257331116						0.39158100737342	0.245264060312699					0.259152612726156	0.106442436305387		0.11502140467534	
GTEX-17F97			0.441823824782898		0.574502087118841	0.686009531603637								0.606776528231127	0.184748712160112	0.507025350681856	0.328041468330421	
GTEX-17F98		-0.701840445865972	-0.832886088453755						-1.08625045155511		-0.695292630851417			-0.981806827541911	-0.368308798395542			
GTEX-17F9Y			-0.497685954170704					-0.628516971164494						-0.670799568897169			-0.697396829991012	-0.337906094368126
GTEX-17GQL		0.283944216905672	0.339712808278679					0.379859311083402							0.14802103198991	0.451670092264747		
GTEX-17HGU	0.942345661461699		0.515547156041773					0.507011184933403	0.548212879975759		0.493889885943458			0.606972085062294	0.227838765957417	0.572503504619432	0.769055999318103	
GTEX-17HHY	-0.258388353090891		-0.138593576825573			-0.247776627340001						-0.291712176452209	-0.175202922161915	-0.159690685212439	-0.0690026691131965	-0.205951983716786	-0.183443242721196	
GTEX-17HII		-0.149787345941691	-0.186595921164742		-0.219094782596622							-0.0825929778436228	-0.138718887446697	-0.216230513773569	-0.0753171019852597	-0.163383986343599	-0.321968025639313	
GTEX-17JCI						-0.4490042794607		0.280009815084776	-0.0628998446922409					-0.188593320673902	-0.0454725476925754		0.0646860181906565	-0.150538784750784
GTEX-17KNJ	0.0717243651908868	-0.0994347816432272	-0.139416266568147					0.00416282100349218	-0.188628689186009	0.0891245781855219	-0.171372250433357			-0.0622009243698454	-0.0474626582504319	-0.159475589950143	-0.353060368455615	
GTEX-17MF6		-0.0630553552184982	-0.080493107613972			-0.0362614442402479					0.112644887290064			0.0410167539212383	-0.0306291503585587	-0.114365317726766	0.0265133530407003	
GTEX-17MFQ			0.0895766138345944					0.468306113959835	0.193771677261201	0.13534525815591			0.196056528536427	0.0817115044529937	0.0505310668623974	0.143569934831205		
GTEX-183FY			-0.77297865131505					-0.79679340916828	-0.953235693467224					-1.07281998583763	-0.333013418731459	-0.884236968925038	-0.271998643869204	
GTEX-183WM					-0.128939998708323	-0.299432896355229		-0.324370908860262	-0.343846415987117					-0.346279800255256	-0.110145185291359		0.142295012843852	-0.116505446805164
GTEX-18A7A	-0.159853977490623	-0.0294340271322026	-0.0363957181621685						0.00895779272627452		0.0144981544142829			0.0639425902493707	-0.0118747874871118		0.0611040405929519	-0.164110789706248
GTEX-1A32A			-0.231416224339046					-0.120512866994299	-0.261551522312268			-0.305892114738379		-0.255918779387991	-0.0912981095844847			
GTEX-1A3MV	0.855613323628474	0.303400206179866	0.361472165692083					0.373436606344459	0.40715448846256	0.115920071378183			0.597005968517688	0.437497074108921	0.163741477954643	0.400036222257974	0.449454401068851	
GTEX-1A3MW	-0.124176103609486		-0.230611557935165								-0.358847768715704	-0.341793226819796		-0.239876131173804	-0.0930978160256282			
GTEX-1A3MX			0.194358794445146				0.717653318683828	0.329832352423268				0.183067108500202			0.089262096209624	0.172279904087334		
GTEX-1A8FM												-1.28447347823477					-1.29170399851216	-0.630896309138511
GTEX-1A8G6			-0.588584983961602									-0.92572334927535		-0.688823239661268			-0.897910848519017	
GTEX-1A8G7			0.172844652987248				0.16068029647662					0.542735586617385		0.196021079329348			0.326829263420011	
GTEX-1AMEY		-0.307959872728339							-0.449499176214185	-0.31550945221795				-0.517448484197883	-0.159357341913275		-0.347396620405464	
GTEX-1AMFI	-0.299679049427708	-0.614682723370868	-0.72168520601289					-0.819169790090061	-1.01553634442105		-0.947251062447677			-1.01382788154284	-0.317723225583012		-0.462915761871551	-0.615908251660099
GTEX-1AX8Z	-0.340847010497987	-0.294298132786265	-0.376887321814839							-0.186942899953114	-0.602174298374127		-0.400493678451986	-0.516475114570109	-0.152697349550307	-0.380656512774882	-0.326358124291025	
GTEX-1AX9I		0.00172401134013365							0.00462667702021631					0.0161691558271118		0.0621833808025433	-0.343562338837276	
GTEX-1AX9J	0.117228847305554							0.252373871318555	-0.139114032246662		-0.425420487753371		-0.0448088906751905	-0.178220026159639	-0.0434280877308163	-0.054012433673997	-0.0696237056965295	
GTEX-1AX9K			0.368920804537212					0.168080933037083	0.258653224003781	0.251477584470205	0.260034353024536		0.531147854336313		0.163285294172782	0.439996086049335	0.463901375135304	
GTEX-1AYCT		0.363453978368589						0.10231556917507			0.279343757776642				0.196683018429698	0.528459620007751	0.312721597730675	
GTEX-1B8KE	0.218352633202892	0.0541823568859533	0.078813028918969					0.218892313157341	0.220964113115069		0.421256428997057		0.105759866709264	0.0232822795838859	0.032553189467433	0.112333228599028	0.152712009485394	
GTEX-1B8KZ	0.840625805693093		0.337788638039744						0.438981074084247	-0.0400375182451034	0.243148080148258		0.445810870825857	0.45847375662581	0.153508040484192	0.398794366265619	0.579901259878099	
GTEX-1B8L1	0.508750068217005		0.430691560078204					0.396719460821899				0.669399426586338					0.472679833629096	
GTEX-1B8SF			0.655071478071285							0.187021008742541				0.887620392318518	0.29027123339179	0.727290066465747	0.665610278864787	
GTEX-1B8SG		-0.0859173871452112	-0.111032801958907		0.204028841453571		-0.122395585195525					0.194762253934162			-0.0441400845033022		-0.394563315518992	
GTEX-1B932			0.0758984199511367					0.00211847696039507		-0.0302082852311436	0.169769692745221			0.0512630567699138			0.0542688792790583	
GTEX-1B933		0.208024087828821				0.0377001205850937	0.0286267466545032		0.38407926692179		0.242957371748152	0.714278579199753		0.320480213889295				
GTEX-1B97I			-0.18197614637433					-0.0395845821647967	-0.268261070475985				-0.220047599225011	-0.220107087959057	-0.0785320281065802		-0.143664641393671	
GTEX-1B996			0.435090478041841		0.384197991601002	0.0680663006365178	0.248122775340009	0.630014990539556			0.497624219188841	0.915309235779791		0.622922355058456		0.528854716115393		
GTEX-1BAJH	0.388542395269276		0.428259537975836					0.482746703430946				0.497108494781583		0.562140048980125	0.182887059024457	0.485643142431351	0.329881589619007	
GTEX-1C2JI		0.138484943856391	0.171933680821998					0.363168402527033	0.155060374381491		0.130466728097862			0.322861497652474	0.0740943854243564		-0.0868749447282098	
GTEX-1C475	-1.4000911216546							-1.3833007795454	-1.1294763668515						-0.461736073217867			-0.905764945625338
GTEX-1C64N						0.268448752656762				0.181075965414824					0.203952717259148	0.522398051061213	0.0444454325940649	
GTEX-1C6VR			-0.0573945993297637												-0.0230034662599972	-0.0706697792287398	-0.18541854589605	
GTEX-1CAMQ			0.510478533502103												0.224627574873526		0.745592669363825	
GTEX-1CAMR	-0.932017007998213												-0.52100633928114		-0.20789173933304	-0.538533740669925	-0.684694094876339	
GTEX-1CB4J												-0.571156606745623			-0.147111097095967	-0.41287995005598	-0.461330780255411	
GTEX-1E1VI									-0.0856246743254165					-0.0213320410095533	-0.0192039198505997	-0.00644360320085452		
GTEX-1EH9U									-0.284140306760249	-0.0825251180078102		-0.417668968531788		-0.366973479149393			-0.0468853739117663	
GTEX-1EU9M		0.468288954485637							0.777866857192034				0.719839427985746	0.836466611370124		0.650579267372915		
GTEX-1EWIQ									0.0886812737214801					0.0671782898744635				0.0821520058034754
GTEX-N7MS			-0.248585443549405		-0.241944659560754	-0.0971443631713794	-0.137245045350294					-0.37812213849198				-0.302980048527562	0.195808248029255	
GTEX-N7MT		-0.0975937679850521			-0.0756648894584495	-0.18197078060067	-0.147431710383178		-0.268115409877401			-0.232296715036331						-0.0698495819598857
GTEX-NL4W					-0.217446687974596	-0.19076740333016	-0.377774549050415											
GTEX-NPJ7					-0.180520354710504	-0.185001765508028	-0.357946513668269					0.159346273015885						
GTEX-NPJ8		-0.412031989924209	-0.48489344159743		-0.457893451188444	-0.364332983977241	-0.672704822577107		-0.628434279290031		-0.594621049726603	-0.853862271763711	-0.472074021097011		-0.216119976215772	-0.511667983624496		
GTEX-O5YT	0.529314298567399	0.117195822414279	0.143812205587808								0.0520628479254927				0.0651711769670098	0.173961746544264		
GTEX-O5YV	0.147095855459016	0.0506950289967152	0.085496473162096						0.155710559021674									
GTEX-O5YW		-0.638901447442147	-0.776374763639884												-0.333342990415413			
GTEX-OHPM		-0.161005850125105	-0.175441970560135								-0.253834431251623				-0.0789247205100123	-0.225244661671339	-0.00215114024246734	
GTEX-OHPN			-0.0548026276147924			-0.103841061319925	-0.0573706514162605											
GTEX-OIZG		-0.155573394203674							-0.313442300902729						-0.0825386884431386		-0.347226731143718	
GTEX-OIZH	-0.241181830361266		-0.258691220928034						-0.34505851432786				-0.187449332777023		-0.117712613302156	-0.334037364593414		
GTEX-OIZI		0.350793013976457	0.396262922798407						0.571237856929944							0.50419655686514	0.298239390297705	
GTEX-OOBK	-0.354193848162838	-0.187517706366863							-0.248461927190379		-0.0448837153120654		-0.251731048395013		-0.0964657135511514	-0.238028651915485		
GTEX-OXRK	0.757316560935386		0.357926096615415						0.41812128346781						0.173865400837114		0.455519501791965	
GTEX-OXRL		0.009497993114047	0.00807917730769346						0.135060258498039						0.0138682420793136	0.04738759507065	-0.0528879077899307	
GTEX-OXRN			0.0212919873050282						0.039092041022837			0.169346119090739			0.0106560340128187			
GTEX-OXRO			-0.172447028467958				0.307306089837187								-0.0740150133308421		-0.113651100127055	
GTEX-OXRP			0.757128404398205						0.958307392766565						0.33595933466367		0.380628580714648	
GTEX-P44H		0.97233471849567	1.1473848304879		1.3834838361769										0.516019791107928			
GTEX-P4PP		0.0989192248123333	0.132441665003139						0.0955885729960592		0.288198336275666				0.0542652331526625			0.116282410232009
GTEX-P4PQ		-0.628297071317303							-0.978688678385623		-1.00619179878234				-0.33043885915108		-0.326963448444829	
GTEX-P4QT	-0.0254225421597732		-0.437245210286628						-0.528399290943843						-0.181126431458306		-0.0982042636351982	
GTEX-P78B		-0.0291385887812873	-0.0362606530838377						-0.0028583796194021								-0.137838922066979	0.178204399596798
GTEX-PLZ4			-0.289711292186306						-0.352873384970502						-0.128653704484718		-0.321986033733286	-0.247524797531955
GTEX-PLZ5	0.92505310921534	0.506170083932281							0.743520030785099						0.269251139641438	0.747840913102145		
GTEX-PLZ6	-0.132754609853686	-0.102513329953556	-0.117277546332022						-0.246226316643238		-0.0384721956365632		-0.124612037948365		-0.0487196655887251	-0.159290228190262		
GTEX-POYW		-0.453531677623126							-0.357720268395624								-0.369603817183318	
GTEX-PSDG		0.231377561352464	0.283278879284882						0.365489284672031		0.310419627010076				0.124016355002357			
GTEX-PVOW			-0.776944394791768						-0.878959131818061			-1.11322816418515			-0.340323915135813			
GTEX-PW2O	0.286094402059405	0.274311912486969	0.338029716157893								0.712811231726883					0.38283927731456		
GTEX-PWCY	0.183298206251594	0.0498054139624883	0.0414733940666275						0.182313805396423						0.0284071761726833		0.073072672634312	0.22715511108269
GTEX-PWN1			0.574290617674936						0.785200949614391								0.212704557274062	0.524665733499326
GTEX-PWO3					-0.368181428705056	-0.0573041442701128	-0.297184507353254								-0.0834213158250946			
GTEX-PX3G	-0.0430923056658403	0.117175550175483	0.140092222044677								0.276939463600115				0.0640981806808477		0.0682101812899501	0.0712479369962987
GTEX-Q2AG		0.321351698503607	0.394231723859378		0.520120534134165	0.293937336380988	0.499604741425369					0.709352159085635			0.173646829970947		0.427460987597335	
GTEX-Q2AI	-0.011809306808613		0.0399408520112766						0.150286331008672		0.186604152873151		0.0921784659861696		0.0255158540151915	0.0888292225077515	0.0469898347214026	
GTEX-Q734	0.130203735522844		0.0700981877875312								0.194600388483963				0.0326190426561923		0.121605057951023	-0.0316096048513399
GTEX-QCQG	-0.364213074474175	-0.22484006053378	-0.27151837299875						-0.322722832699477		-0.0570274205106675				-0.116021451497428			-0.27573497412414
GTEX-QDT8		0.00913424464503029	0.0310323591395451		0.106099691854721	0.0859373027609979	0.107023262072849								0.00782758480162598			0.611114003886637
GTEX-QDVJ	-0.18040359947707	-0.102721931328333	-0.106982430492712						0.0454871390474969		0.0643350583194748				-0.0502765656001786		-0.277818468740561	
GTEX-QDVN	-0.272161857714661	-0.158074887330011	-0.182779590642691						-0.363107041653494		-0.199260884389841				-0.0802348114615077		0.192561181684323	
GTEX-QEG4		-0.266087205219476	-0.321408560887112						-0.120580149988973				-0.299955555138563		-0.140843968359502	-0.325563491542773		
GTEX-QEG5	0.0981689060441556	0.0426351343412382	0.0596102477472721						0.0916642575241046							0.0763064006506153	0.0844711017270238	
GTEX-QESD		0.485854881937116							0.790356473389214		0.503577562289547				0.257882465602548			
GTEX-QMR6					-0.0301884798565852	0.0715507142912168	-0.0392095894336257											
GTEX-QMRM	0.656901568361949	0.437385718715717									0.684319808556935		0.628531365817559			0.614830915867504		
GTEX-QV31		0.183567412166963	0.236005682124202								0.0232068479685831		0.124039532154059			0.205566742967488	0.184295669721194	
GTEX-QV44		0.116938432748977	0.14642321131539						0.257503123610619		0.296570604418804		0.214205756839239		0.0661176812507411	0.201772053955235	0.0253119784123363	
GTEX-QVJO		0.0657843612627501			-0.000920910061037786	-0.19863335482723	0.01519415524876					0.314911896322243			0.0395487312387083			-0.00621561445090445
GTEX-QVUS		0.486504250681692			0.70505874634973	0.450553768724009			0.687097721309678									
GTEX-QXCU		0.578016001840213	0.68942662479548														0.82285858334821	
GTEX-R3RS									0.138279116709258						0.0187853248853666		0.559668122523668	
GTEX-R55C	0.875880470972898		0.610879090563088						0.739210702585477							0.686766324185703	0.854110949484878	
GTEX-R55E		0.00389618667704497	0.00382760703582205		0.244569815678869	-0.0974106959091622			0.0813282334377944			0.17860561494612			0.00556744492262919	-0.0254854225590351	0.317994370750008	
GTEX-R55G	0.399990765963852	0.500341662110455							0.849941188438481		0.878263990254279				0.26308267360859		-0.128007325323665	
GTEX-REY6	-0.462981712042032	-0.294718315337143							-0.121642216612559				-0.370475220292832			-0.351408585827719	-0.591659330425896	
GTEX-RM2N	-0.0878783741715276		-0.117651434595869						-0.0247252465405875		0.027729641395966		0.080529491740456		-0.0580336445525447	-0.105209929326493	-0.150518129603616	
GTEX-RN64			0.199842413251113						0.469517943581877						0.0953319106118151	0.267060845586412	0.295511883565198	
GTEX-RNOR			-0.775264806985231						-0.99220623696493			-1.22055505470261			-0.337803686946852		-0.344405909104932	
GTEX-RTLS			-0.62910956954458						-0.668280071544219						-0.280279651427083		-0.698926656358255	
GTEX-RUSQ	0.222055119513232	0.0740292556486897	0.0933137609704826						0.0718822865668381						0.0401706355030081	0.157388514704141	0.293983662522083	
GTEX-RVPV			-0.22814424953572						-0.362917462107751								-0.537637292886024	
GTEX-RWS6		0.267418069750953	0.340195300182851						0.216347060483426		0.337073022446536				0.146013237000366		0.552073135787897	0.346629436802782
GTEX-RWSA		-0.243406538305061	-0.279661796027639										-0.292117671831137		-0.122160623529911	-0.305416256107384	-0.025576293714701	
GTEX-S32W	-0.940333518653064	-0.598679704789168	-0.711202658552986						-0.918259572146372		-0.788956676851559				-0.310414065917107		-0.735615971276229	
GTEX-S33H	-0.649615764966112	-0.693468039539136	-0.808427069179262						-0.991972873053386		-0.92056303020486		-0.924415572121603			-0.958725294184954		
GTEX-S3XE	0.404022640444327	0.442357091020707							0.738255073754139		0.781599556493785		0.74326245183813			0.650863106409565		
GTEX-S4P3		0.0013248726931471							0.168669283286137		0.104284629948956							0.0921127056626271
GTEX-S4Q7	0.0325072831052945		0.125162403627238						0.197064844966177				0.241392323047488			0.203489062766359		
GTEX-S4Z8	0.061414411412837	0.00205419971584189														0.0262380862897158		
GTEX-S7SE			-0.0881325710762513		0.0262265501155298	0.0966782152644719	0.116062028169871								-0.0340553602482354	-0.143366982671531	0.486643272148683	
GTEX-S7SF									-0.445849476051015								-0.477903284121979	-0.357213606660633
GTEX-S95S		0.185366695282999	0.207939258360451						0.414691196476526		0.580502560705991		0.277180576793573		0.0997278573394565	0.31301190424308		
GTEX-SE5C									-0.117960135211681		-0.47482828918494						0.0796539736278571	0.0616236847348049
GTEX-SIU8			0.613510061071481												0.267657372215587		1.15076498036853	
GTEX-SJXC		-0.0917082794092441	-0.100264475810201										-0.0794756481121674		-0.0470185460573094		0.239132172531111	
GTEX-SN8G			0.340228399810298												0.151059371732132		0.3462343648942	
GTEX-T2IS			-0.0523976587658828			-0.0284261266110198	-0.0480210200278389		-0.162712046989157			-0.0327545855709632			-0.0170653006617538		0.358097147013024	-0.017144353020797
GTEX-T5JC		0.332077529538374	0.392215127606614		0.271330577754984	0.190080416827123	0.723536267020021		0.438189635385676			0.574790169815597	0.438588456203316		0.179436766702074	0.419210824564483		
GTEX-T5JW									1.2957340122333		0.75952564650447				0.465943946334471		0.856480583648822	
GTEX-T6MN		-0.378494876098749	-0.443938248942207		-0.681981046270739	-0.304916810613048	-0.834600328798432					-0.606329686005199			-0.195707054849072	-0.500099032581352	-0.41031138310208	
GTEX-T6MO	0.335157875717585		0.00869808589429605						0.0726055104739509						0.0122760588987817		0.0396269948322092	0.349585164142193
GTEX-T8EM		-0.255770729406346	-0.301000083573771						-0.560519365950448		-0.410297303240738		-0.393954458181836		-0.130355360082609	-0.34813765198338	-0.250344541336042	
GTEX-TKQ2	-0.236070231698762		-0.127123991753729								-0.149504457281892					-0.138015995269058		
GTEX-TMMY	0.363722632997025	0.166709029226573	0.215097155046032						0.103905158463258		0.166596850057853				0.0915329507374039		0.44674690290503	0.118560086913843
GTEX-TSE9			-0.622014585209188		-0.617236727544126	0.0102145392255039			-0.69881480029109			-0.945724062928602			-0.265604122997655		-0.195415778176287	-0.220152922246615
GTEX-U3ZH		-0.31429683099893	-0.368073580386541						-0.596112504496684				-0.393856036095891		-0.159028343786682	-0.441891889231567		
GTEX-U3ZM	-0.257121821279093	-0.154317422047256							-0.191689798637291				-0.133920290148778		-0.0790731448323849	-0.203347517618351	-0.142965633692062	
GTEX-U3ZN	-0.401402835559038	-0.000775146569114471	0.00107198922438894						0.073943429180659						0.0013003866439329		-0.231113044642924	0.102552411759848
GTEX-U4B1	-0.0198617599184255		-0.373523787045143						-0.450174554375315		-0.425756356719527		-0.34360677684275			-0.420165851602093	-0.0672073615599109	
GTEX-U8T8			-0.599084526898847												-0.265704833733587	-0.635576355331293	-0.631272037817105	
GTEX-U8XE		0.369009037900673	0.425897374442789						0.499102495355399		0.433710522723892		0.481612577948724	0.508375909631238	0.197982897066392	0.53274957274978		
GTEX-UPJH		0.0127473686771159	0.0016597144532513											-0.0216539716261751	0.0131137535502195	0.0272236463323965		
GTEX-UPK5		0.281985602313622							0.482733998753197					0.435401781973207				
GTEX-UTHO						0.201727305964711	0.0148676096704963					0.202100158843244	0.362486370038161					
GTEX-V1D1	-0.302674284765224	-0.408097402714123	-0.49255173662922						-0.390030428164843		-0.373604916307015		-0.480596944614767	-0.618528586806357	-0.211663787955647	-0.543022898873689	-0.765266438687324	
GTEX-V955	-0.455034400124699	-0.371571354187079	-0.449651261753126					-0.437024124985154	-0.56270038297671		-0.433839294052066		-0.64641628157561			-0.49185119674642	-0.288304729165008	
GTEX-W5WG	0.0542905078934542		0.00532937707601788						0.00292508922742087		0.087362460459206				-0.00108055827131426		-0.291181819119361	0.0930701952803434
GTEX-WEY5			-0.0272335953167224						-0.0166384665339625					-0.111601314666073			0.0371665819270374	-0.113714988960529
GTEX-WFG7		0.0439814924305731	0.0560303349183152					0.231754903522488	0.0259064616215534		-0.137704246700665		0.128048186948	0.121992345137756			0.0630102331934569	
GTEX-WFG8	-1.11939610185608	-0.53890181081336						-0.536292548287897	-0.771650126969405		-0.524364237635172		-0.698447114826526	-0.76333238698452	-0.285493235764436	-0.714020247590847	-0.761788139494276	
GTEX-WFJO									0.00748105844759942	-0.127844039241094	0.0569692566645663						0.345293734913756	
GTEX-WFON		-0.00878724307588241	0.00907843503992263					0.0990598683905178	-0.0474586297491719		-0.250155563710252		0.0824312277197775	-0.0826600363125896	0.00260011914209244	0.00416262450676351		
GTEX-WH7G		-0.3687603586969							-0.411633640592783	-0.314566146080016	-0.967201647436824		-0.431372180289633	-0.521142763752626	-0.192191695071237	-0.492485225613517	0.0275097433269065	
GTEX-WHSB		0.542855072065427							0.675977037209152	0.461830167549064	0.930146913696108			0.917939606009001		0.801032398519694	0.631434435190146	
GTEX-WHSE			-0.559888298920951		-0.550375723576416	-0.178651266729527	-1.12531114554739		-0.367740198438785			-0.769697366516521		-0.778432904333159		-0.592408181674231	-0.83122616300663	
GTEX-WHWD		-0.227657535458681	-0.263187558575786					-0.253434885726755	-0.433309071420331		-0.172885068345207			-0.370121584858342				
GTEX-WI4N								-0.192356553982095			-0.187194206632537			0.0494728268513334	0.0172354181735593			
GTEX-WK11									-0.462467954362419				-0.400385472170072	-0.332042725020463		-0.338699799888041	-0.269010686979354	
GTEX-WL46			-0.041347093064005			0.123086320082055	0.129741803337434					-0.168699565682156					-0.204607134826016	
GTEX-WOFM			0.40924782894136						0.569086186975675	0.335062626308379			0.518952510446096			0.50984164904505		
GTEX-WQUQ	-0.176778468108773	-0.131899849058347						-0.000936196844019475	-0.360964019791279		-0.196344914549629				-0.0680849449682394			
GTEX-WRHK			-0.260359174944209					-0.686947490199725	-0.301817475056081		-0.410342704006112				-0.116211824600333			
GTEX-WVLH					0.0411256482850434	0.249902649169078	-0.117281597758603		-0.181193415780203			-0.02376077984622				-0.0970725499787432	-0.0400462621378142	
GTEX-WWYW			0.306563576203821		0.319678742008158	0.315489042948154						0.608474841046671					0.492021399270225	
GTEX-WY7C	0.496654873913394	0.190086467328633	0.227272786976634					0.445430855576346		0.204461392465702	0.265949048284814		0.299297910983949	0.288694001206118	0.101870289388203	0.246452019698487	0.0380962727466063	
GTEX-WYBS			-0.159047189584043											-0.134189117983061			-0.390206306103427	
GTEX-WYJK		0.516388059144264	0.622708075290305						0.781634390385284		0.677793855547131		0.799253248762752	0.838370010540107	0.275846359544662	0.709724398618807	0.570016531664772	
GTEX-WYVS	-0.0606626667066012	0.027149884939286	0.0320045976702713					-0.036977394601254	0.144760430202778	0.0550536185511249	0.213464295389077			0.10593254949991	0.017396198714937		-0.0562910719538672	-0.138516744765269
GTEX-WZTO		0.118824550025949	0.129079329669627		0.243202361795703	0.162070432410216						0.525933916809719	0.244164993116548		0.0664074471310608	0.22195949595218		
GTEX-X15G								-0.105914805222215	-0.187354313174785	-0.264506458972978	-0.215210280174272						0.183856318148784	-0.0691516980247641
GTEX-X261			0.00918606701716942		0.141124032481046	0.0173361059146442				0.013881451463392		-0.0586080873637509			-0.0040271819148886	-0.0628797452050039		
GTEX-X4EO		0.53254002146453						0.65474265264626	0.785872544056415					0.759450215999514	0.285862280087061			
GTEX-X4EP		0.364197130390317	0.466627232604683						0.569984093796941			0.853523805986641		0.586303383363368	0.196738995060578			
GTEX-X4LF	0.370773251066163								0.2244962284295		0.354541296932918						0.12238366834634	
GTEX-X4XX					-0.0464096203937746	0.0105098559055074	0.350689513686889								0.0354422685263253		0.0286298268348858	
GTEX-X4XY		-0.234701349865158	-0.274390296933551		-0.186270623045287	0.0280038161887023			-0.75233931656173						-0.128983012235785		-0.270689400050834	
GTEX-X5EB			0.0268186458953646						0.020990883801441	-0.130042136338535	0.0615660700306867		0.0585244365252247	0.212127230793101	0.0123245904533841	0.0496377560778872	-0.154524131346314	
GTEX-X62O			-0.309948978166699						-0.388913466392514						-0.13674719173274			
GTEX-X8HC														-0.0100660858135313	0.00257602969366912		0.0593482940237604	0.129054371119172
GTEX-XAJ8			-0.323896845856635					-0.238532227707019					-0.233961101882306	-0.392554144123191	-0.140121329000976	-0.33450754036685		
GTEX-XBEC			-0.213214280866182											-0.344825529539284		-0.295926645974858		
GTEX-XBED		0.00251963678313599	-0.00365100686384393					-0.0314994804511025	0.038803599247525		-0.0309820844830904			0.101733850809126	0.00138768189519047	0.037214589406417	0.0242262280642387	
GTEX-XBEW		0.152108437175025	0.18547234734517						0.522919568770427		0.10433412641389			0.147217311193357	0.0859432366134781		0.440742745313545	
GTEX-XGQ4			-0.404057108316217						-0.514122609536404	-0.379529266130356	-0.376409863141641		-0.452625333486076			-0.456902308305273	-0.0813635480254622	
GTEX-XMD1					-0.5304103842815	-0.0726690770194629	-0.570144307080983											
GTEX-XMD2									-0.268752464814696					-0.184733764674624	-0.130100597813205			
GTEX-XMK1	0.0899202109784101		0.0145234212738257						-0.132240521399442	0.142307130073796	0.23117730208958		0.1416822500754			-0.0246906052089182	0.240227865978527	
GTEX-XPT6		0.430232020793657	0.510745380281791													0.572941202782095		
GTEX-XPVG			0.0974430895538662								0.181722861346582		0.226521168799625	0.0744663255014246	0.0475910985455676	0.152824215180054		
GTEX-XQ3S	-0.306497241140333	-0.222814307380183							-0.227889599749282				-0.268900595915449	-0.355122736923509	-0.114558941804445	-0.273848764736028		
GTEX-XQ8I		0.69686525750315	0.846440776967577					0.751060353779965	1.05218787769856		0.65246481493821			1.15174033011967	0.366373782168721			
GTEX-XUW1		-0.316760284584414	-0.373685969389459					-0.527065392763532			-0.156244881193575			-0.2884076331181	-0.166627966967107		-0.718160711422831	-0.505759648494976
GTEX-XUZC	-1.19564544296992	-0.719354795923461	-0.877980750425824					-1.03133098468834	-0.988146221277078						-0.379093718490555		-1.10724527584277	
GTEX-XV7Q	0.151959852797547	0.209536029943386						0.39795677266334	0.336953927282268	0.050344493524762	0.486683672593189			0.371848374369078	0.114422515933275		0.113146877198155	0.336823429364667
GTEX-XXEK		0.0476930698354184						0.138999379363412	0.0616645566511148		0.176193594797594		0.056274439342066	0.100014190794576	0.0282911608198993		-0.359564024596945	
GTEX-Y111			-0.415569995044686						-0.400733736065288	-0.106589820575613				-0.517364501284118	-0.176296682905096	-0.43309911157061	-0.153677537877716	
GTEX-Y3I4		0.0636552013692356						-0.0589133704512846	0.0756739055780213	0.254434403477272	0.0809506364754204			0.116488553983855	0.0353861425060044	0.125821990368185	0.289587362259829	
GTEX-Y5LM	-0.167184935447666	-0.397342811663256	-0.475502027802821					-0.748038989057192	-0.533398392302905	-0.331531413534895	-0.510816105005836			-0.737316944025773	-0.20293268939812		-0.365943864776687	
GTEX-Y5V5	-0.141328815873751	-0.0197229274873093	-0.026439626141559						-0.0655359426282944		0.102145907915703			0.017076542830217	-0.00546850903973251		0.0549114644984164	
GTEX-Y5V6	0.849954033097102	0.612816708542696	0.739458673509143						1.02146231942382	0.512737206266552				1.0431111949468	0.323445481330623	0.881272041877444	0.639986395222066	
GTEX-Y8DK			-0.96029571443545			-0.614894299795801									-0.419735050849509			
GTEX-Y8E4		-0.175635233111368							-0.294543629023988		-0.18732904079182		-0.165813060562663	-0.189532967168063	-0.0909385543386232	-0.20266430325986	-0.259515249696774	
GTEX-Y8LW		-0.121094234776749						-0.189593825214444	-0.101980731673469		-0.0663575086116075			-0.214520120697166	-0.0635842004007122			-0.182683989170587
GTEX-Y9LG	-0.101758217911968	-0.193994495225207	-0.225707679754377					0.124798860451621	-0.583270129430315		-0.944314571213541		-0.204570819259601	-0.0612056826405379		-0.293703387698769	-0.259153609635476	
GTEX-YEC3		-0.455707886991002	-0.53463353902119					-0.657059580793855	-0.547340866677064		-0.29725606735078			-0.623857316514004		-0.568610057017525	-0.803807142758813	
GTEX-YEC4		-0.29121178396528	-0.353006780115785						-0.554414728454339		-0.683292097956692			-0.470458779574402	-0.150509473689939	-0.411159836369766	0.207814469815368	
GTEX-YECK		0.0548404356379516	0.0634119471228367					0.083644373043013	0.180814684798345					0.123213713876911				
GTEX-YF7O	-0.177205282495783							-0.0573903562260932	-0.221244897959921	-0.275797561006381	-0.388740256878409		-0.179862043958761	-0.314276680799222	-0.0968796892769128	-0.231278535220231	-0.142465993330253	
GTEX-YFC4		0.165122805333587	0.197712523552916		0.347678895775998	0.220347660766384	0.307307373119808		0.238536698402825			0.376255648252278			0.0880221450515106		0.137146341235305	0.164211020590577
GTEX-YJ89					0.280287392964435	0.235295321483985	0.322537448114397		0.0774695254496326						0.0860730237835105	0.213472130038875	0.610897716695459	
GTEX-YJ8A			0.407238508436143					0.407165280862814					0.505086835869027		0.175447693403196			
GTEX-Z93S			0.460543607256237		0.559255795663954	0.211451218206656	0.562310599153214	0.490230934860247				0.74483534529995		0.652264976698536	0.203564258761779	0.532988078311824		
GTEX-Z9EW		-0.12506901267844	-0.127698596646306						-0.0882159483174057						-0.0600791966971652		-0.0207257865336995	
GTEX-ZA64	0.182469672018393	0.0129773162206834	0.0117882549920617					0.0758197446759815	0.0874715344292719	-0.0546865851078933				-0.113230006234571		0.0499639665691542	-0.146817008035125	
GTEX-ZAB4		-0.366770696374907	-0.439273023977454		-0.406244482399305	-0.151559364315182	-0.367475593429042	-0.657522595801451	-0.627493481588499		-0.343761564773424	-0.463752000703175		-0.697654195972577	-0.18977415478057	-0.472941031306799		
GTEX-ZAB5			0.0567448314575822					-0.11274193993147	0.00418165898836559		0.499733822988239				0.0189332019946834	0.0932737898296919	0.0394711092231826	
GTEX-ZC5H		0.123852584566464	0.146202850809375					0.249049018236477	0.290906221769497	0.0556740694074243	0.179570131614582			0.225006935009279	0.0714424064562184		0.0105575853909953	0.222026354754229
GTEX-ZDTS		0.119037225426482	0.138164934915796					0.0807766697533945						0.0995902577721709	0.0646147685764945		0.237604075559613	
GTEX-ZDTT	0.407224317422741	0.135794562921129	0.168750123832376						0.05463118731528		0.0449423199012818			0.149333050482605	0.0765305799129836	0.187198241799043		
GTEX-ZDXO		-0.279249268319248			-0.43784737494349	-0.225050983454203	-0.340654281567839					-0.257398158951724		-0.461243276138449	-0.14182937010125			
GTEX-ZDYS		-0.239254057062039	-0.266442440053211						-0.307812645218842		-0.178388680760784		-0.263352388750069	-0.413040356562475	-0.120186968627994	-0.283919663787503	-0.241914033182867	
GTEX-ZE7O						0.302960985806392		0.410499790033686		0.191278263749933				0.367500807023677	0.148049863265954		0.401270835749107	0.305104840064247
GTEX-ZEX8									0.0382314866280381		0.308163737640261		0.0643244214604734		0.000479955745338881			
GTEX-ZF28		0.328598029577283			0.178419460569785	0.0745604646641644		0.686811953479808				0.854468218368379			0.177168399985522		0.313098888559763	
GTEX-ZF29		-0.0430412099056852						0.0532328666804441	-0.0293182342007549	-0.0464508053666136	-0.371377978281847			-0.00771240672616802				
GTEX-ZF2S	1.00356691225265	0.543765928695454	0.654354411383186					0.740338807756531	0.999104115795762					0.747827936896112	0.295047397263781			
GTEX-ZF3C		0.726832041149255	0.871212833705204						1.10220742445591		0.901015429321715							
GTEX-ZG7Y		0.647434948471499						0.858907482861086	1.02390493086666		1.11689272605959							
GTEX-ZGAY			-0.261120606672588						-0.414838480750317						-0.10966094951253		-0.239005287947354	-0.301105832228416
GTEX-ZLV1	-1.25556014924287		-0.971564468585942					-0.754203731223167	-1.31135162089872					-1.32486284452288			-0.930989820873163	
GTEX-ZP4G	0.320077641008116	0.115334919868932	0.132504748556776					0.0531173407673795		0.0634764091956471	-0.0387274252270125			0.0941595425171778	0.0615361349828265			0.0798656112834876
GTEX-ZPCL								1.81808942711341	1.82967367332675					1.86641224656336			1.40119256629259	
GTEX-ZPIC		-0.0613313389492453	-0.0749133553645689					0.210795241985851			0.256037442190447				-0.0209668454752532			
GTEX-ZQG8								-0.0428223673426748		-0.231568295009699					-0.121641253100418		-0.272860019272853	-0.207419096733284
GTEX-ZT9W	-0.460330754356204		-0.38990687642002					-0.666689355953867	-0.452945730691566	-0.325784891599455	-0.146668611550629		-0.408530377536836	-0.441316428347345		-0.399267599465835	-0.343743932516189	
GTEX-ZT9X	-0.952897630001525		-0.881796950081743						-0.972535184310752					-0.995498546645198		-0.933042984091255	-1.15551256066824	
GTEX-ZTPG			-0.42216569162663						-0.434117244441496		-0.455835833573168				-0.188744700021291		-0.481792405716945	-0.41235700624149
GTEX-ZTSS	-0.128596663065238							-0.0713972333392002	-0.0778700571023616					-0.0765187564871779	-0.0279875476507921	-0.0476345865807662	-0.0973041106807797	
GTEX-ZTTD								-0.695695202258497					-0.859586739120021	-1.0154544763572				
GTEX-ZUA1	0.43808034241033		0.368719002620181		0.514617321293261	0.256392038917793			0.476458461219695			0.51081614355955	0.446010727363538	0.524296894403732	0.161769459467438	0.467212434598974	-0.269113402002933	
GTEX-ZV68						0.21343876428012	0.0139722606850094		0.233433415507073						0.0577198752092573			
GTEX-ZV6S			0.600870946206109					0.758966394818988							0.262866436482185		0.720626594846232	0.654128826607515
GTEX-ZVE2			-0.209259464855527						-0.148682745888662					-0.407690662398871	-0.0844024730404726			
GTEX-ZVT2	0.699214504884649	0.208376889140904	0.259700364608064					0.381028501529807	0.198917906909106		0.269849088397818			0.35721094465641	0.109430846818711			0.249554847905461
GTEX-ZVT3			-0.216877188837584		-0.266917201643987	0.0591169100596178		-0.0752102460541829	-0.283731417644676						-0.0936092666546703		-0.525192990220038	-0.103473363647862
GTEX-ZVT4								0.0146421592768866						-0.196888160295024	-0.0614495279480525			
GTEX-ZVZP		-0.266337889160507	-0.313399702425387								0.0243999479500326			-0.322675143857407	-0.138041773077209	-0.348006604990341	-0.632172106249223	
GTEX-ZVZQ					0.286048522913034	0.316123980852473		0.0634047143038475									-0.00677798259082739	
GTEX-ZXES								-0.0312329255598605	-0.205707877461687						-0.028389539580937			-0.116537036512939
GTEX-ZXG5			0.276422785613777		0.288739601356992	0.0458803955356747				0.195151258723336				0.458853115403588	0.116315480500052		-0.0402386681446417	
GTEX-ZYFD		0.325491009317006	0.394008801857997					0.716599069849206					0.516284241125409	0.76232721262097	0.167905159572506		0.545751090679249	
GTEX-ZYFG	0.500222898556703	0.168025844042599						0.14104377098793	0.233721024231662		0.471009756876326			0.304085199471762	0.0920748103400585		0.268385321596378	
GTEX-ZYT6		0.263498682228572	0.306194928399172					0.133327781462757	0.247120043174504					0.362992964215065	0.142285132873513	0.405880265289392	0.108554508246778	
GTEX-ZYVF	-0.0666078412767541	-0.17928450663405	-0.208909776477338						-0.246750215580343					-0.217394092463412			-0.232861931903464	-0.0891385502458985
GTEX-ZYY3		0.193651001407428						0.170601657979682	0.377149345805799		0.263959088563453	0.379790905895907		0.317027217471587	0.105636946989975		0.00819929924683262	0.270258932358363
GTEX-ZZ64			0.221484292353006					0.164167529434503	0.308559479536253				0.322163004457911	0.293248162067244	0.10103469502019	0.24380845867347	0.492604388904674	
GTEX-ZZPU	1.20064243385287		0.775119010373179								0.443350166242177			0.96856500350633			0.906573510230863	0.662653911748552
