id	Adrenal_Gland	Artery_Aorta	Artery_Tibial	Brain_Hypothalamus	Brain_Nucleus_accumbens_basal_ganglia	Brain_Substantia_nigra	Colon_Sigmoid	Esophagus_Mucosa	Minor_Salivary_Gland	Pancreas	Pituitary	Prostate	Skin_Not_Sun_Exposed_Suprapubic	Skin_Sun_Exposed_Lower_leg	Testis	Thyroid	Vagina
GTEX-111CU	-0.224537807779463						0.243016207641478	-0.0688946406204435		0.172213509196489		0.00391848616390615	-0.15913333044157		0.142878611885165	-0.105103563226441	
GTEX-111FC			-0.0681627829077842						-0.0140769838138741			-0.0274088380491344	-0.0454471440576902	-0.142962822461388	0.331035266544303	-0.317263056651178	
GTEX-111VG													-0.112243252931797	-0.0604407334772186	0.197736196525084	-0.0733335544901911	
GTEX-111YS	0.0455327017971718	0.0297736986498684	0.102797198939159				0.0809785938025589	-0.037432684921981		0.128434576031747		0.00361642817909777	0.125349570634417		-0.0694856368708338	0.206238019864646	
GTEX-1122O	0.257646199329299	0.0112070997679277					-0.205999869603828	0.029860451047212		-0.010884908390973				-0.0637923178807366		0.0790106857434642	
GTEX-1128S		0.0327187102118706	0.0477385564482714							0.0118478934624425	-0.143396589329458			-0.271548315835931		-0.29821813731533	
GTEX-113JC											0.151327054812623			0.0811744417260302		0.183255286576204	0.044570765241901
GTEX-117XS		0.0690227300387898					0.067737992345525				0.0537966673518912			0.00239095127901143	-0.12903466982332	-0.0923605727254038	
GTEX-117YW		-0.0869390501957233	0.0188630482089001					-0.116349577418431			-0.219944757834617	-0.0402769310175772		-0.0937154251216647	-0.0630572027878981	-0.116778607653531	
GTEX-1192W											-0.110452545411051			-0.307873934434683		-0.26825743921496	
GTEX-1192X									-0.0183308338819903		-0.0706393666673424		-0.310790435142839	-0.363354841391637		-0.22585247076161	
GTEX-11DXX	-0.136822714312491	0.0827981781751529	-0.0359541784336993				0.273856251254033	-0.114224473327113		-0.00468241120583419			-0.0328935830997267	-0.0648963345952907		0.062501238413676	0.0513331509023394
GTEX-11DXY	0.00443723499119733						-0.133498065974528	-0.191991286612318			-0.00308951387236087		-0.0409876011342262	-0.0549003463173802	0.0134314123440391	-0.207275047812789	
GTEX-11DZ1								0.138822510078739					0.0687457775634095	0.123353470298762		0.000896549781915793	
GTEX-11EI6			-0.0470002255841477				0.106358465574683	0.122313840720435			-0.139956945941328		-0.0891319244942529	-0.0988560069130818	-0.0711253230924689	-0.0865058420178891	
GTEX-11EM3	-0.188458711336008	-0.0205225919466446	-0.0879707349205189				0.366855160443387	0.119486035263703					-0.0237856370387888	0.078842179038763		-0.0400748507144953	0.0834353197690756
GTEX-11EMC	-0.0491547557123457	0.00442087420175303	-0.00840884336100135				-0.275414398294334	-0.15910163070409	-0.0610310067332763		-0.0557782020828097			0.0656687805878997		-0.151366546242216	0.00162497659135465
GTEX-11EQ8			0.00820494115363576										-0.00399941687616501		0.330575307885402	0.224100429938862	
GTEX-11EQ9	-0.0395310905780457		0.0290955200282439				0.0351097927615475	0.00351574014097213	0.0646317155143381	0.177015354440315		0.0104820498208394	-0.0488738097992553	-0.179673726146425	0.109857641208596	-0.0499634579688206	
GTEX-11GS4		0.105829361880446	0.0914127500935679				0.0134586253683409				-0.115146128766676		-0.0724147887188573	0.0727137053122297	-0.348758667930467	0.212980940533689	
GTEX-11GSO						-0.11638865072119					-0.044927395616622			-0.107319756958838		0.0210989107399601	
GTEX-11GSP	-0.0734202253191454	-0.0503293449140365	-0.0129542730349219	-0.221094519126442	-0.00538128771911284			-0.0242181098346484		0.0325802839206326	-0.0872306242930883		-0.0629175245162408	-0.148919780870452			-0.035633365236589
GTEX-11I78	-0.204974446436375	0.034650308497135	0.0188432471659054				0.0582403674291173	0.179568099262907		-0.0119729806617897						-0.0538422468798033	-0.0348903501895361
GTEX-11LCK		0.112246033950525	0.0425335776494566					0.0168874060851877		0.0442155893489152			-0.0464355996416493	-0.189530144126907	0.0929454053353799	-0.0661605646524206	
GTEX-11NUK		0.0326611002927491	0.0487785297399103					0.0384477504402192			-0.0816692935952387		0.0270064234522052	-0.0113680062219692	-0.0173432644674789	0.00526275533483436	
GTEX-11P81		0.00585937755464167	-0.00694181381859541				0.180431712141697	-0.133329169807441	-0.074763329661477				-0.0257142328375882	-0.132723680612618		-0.0501273448169832	-0.0184527699565911
GTEX-11P82		0.00419845945084793						-0.0722735746230721	0.0407774159784963			0.0435566328952792	-0.0907307935691013	-0.190725808699561	0.0842416943005676	-0.209030767043876	
GTEX-11TTK														0.0457376372570186		0.31389551769454	-0.0516647811942932
GTEX-11TUW		0.00502058435232931	0.075758775901116				-0.248828859241854	0.221371230463788	-0.0615789819507324		0.16338518081726	0.00145851739115741	-0.163033065207919	-0.142478224458368	0.052113490503189	-0.106960681120699	
GTEX-11UD2		0.0286133013873197	0.123818157404932										-0.0895180878931038	0.0785700003373816		0.237193276532904	
GTEX-11VI4			0.00447592240573467				-0.156274843642721	-0.149778103846027		0.0388857567319648			0.0830261975274453	0.0464812813221152		0.258387029666992	-9.10571975808972e-05
GTEX-11WQK		-0.114517710770065		-0.128706247384739			-0.139331570082681		-0.0284811281529896		-0.0206813875599296	-0.0489429352128126	0.0957659082258373	0.120757669799022			
GTEX-11XUK	-0.306005633714827		-0.113533623300024					0.0616854595030708		-0.0455567310622361				-0.404028428785777		-0.228518962831607	0.0704256093038266
GTEX-11ZTS		-0.040529317538825	0.152876514999432	-0.0114409395841483		-0.0607792070617958	-0.341629505276115	0.0105780876099279	-0.0425128554491047		0.152403344757691			0.0524060300532075		0.183844300814063	
GTEX-11ZTT							-0.160161878018467		0.0190179445803768				-0.231366758554981	-0.212810887410626		-0.126239037031434	
GTEX-11ZUS			-0.0753873320276888	0.0478440219561954							-0.121743909112226	0.0140423883385915	0.00212138416161939		-0.0922929836251103		
GTEX-11ZVC		0.10254788074611	0.179657644634992								-0.0630183636381978			0.0323729401817126		0.0980059326128756	
GTEX-1211K	-0.0858630516350617	0.0162185342282771	0.0485780926200544				-0.179450072186603	-0.0356936272186647		-0.257083674879554			-0.03029844520229	0.0942790214187904		-0.0278922716289076	
GTEX-1212Z		0.030365278921207	0.0391820913229286				-0.207728132715054	0.0366885977783934			0.161939758152133		0.0554390521332845	-0.0357666632117574	-0.00481623457705144	0.0897807807487454	
GTEX-12584			-0.028123851469938		-0.113171342992617						0.141589006428164		-0.295401240626146	-0.318489119249527		-0.314986114494824	
GTEX-12BJ1	0.102067307850551		0.160416506031853				0.186701850358784	-0.0318145501333733	-0.0369243651378215	-0.120184102852715		0.0168928558651128	0.0138292343856475		-0.231664747858094	0.178587265795563	
GTEX-12C56		0.0121325912724672	-0.0224948452561381					-0.118854520105118				0.0159045486790711	-0.113206879734848	-0.0987649153282439	0.0493216996308053		
GTEX-12KS4		0.0139100095155945					0.0951565047978023	-0.361202533749871					-0.0837337194549903	-0.118763152359195			
GTEX-12WSA				0.00439755261750208		-0.00809595865217924		-0.143325607699479					-0.0692443038967985	0.122397581322271			
GTEX-12WSE					-0.029024113155483						0.127901974437935			0.078537026357083		-0.0173978708478904	
GTEX-12WSF					0.114826527736436	0.0882918481699863					0.109480512569472		0.0582120109289099				
GTEX-12WSG	-0.0791433687147926						0.0926005528363989	-0.029147364033877		0.0873580008097273				-0.149604732313655		0.0424397025620871	
GTEX-12WSH			0.00830681204182611		-0.0763978955388162	0.0529234457554462					-0.0789617590033265		0.0646755594042186		0.213749281179312	-0.0324998578457685	
GTEX-12WSI															0.072160464060039		
GTEX-12WSJ	0.0325308480938557						0.283917142935795						-0.0816851571737438	-0.232716765345902		-0.0208173710585544	0.0312933523679883
GTEX-12WSK	0.0479072714915248	-0.0373645711996427	0.0461757990879488					-0.327641995094938		0.0720744316170346			-0.129958744125924	-0.00609708915963311		0.0389700813304581	
GTEX-12WSL	0.0177058353049326		0.0270127605123648				0.0804953697036895	-0.0332822996389317	-0.0112339562690103	0.0972195071959517			0.103261191208089	-0.218173266893477	-0.0713597236238828	0.0965517449676007	
GTEX-12WSM			-0.0301859706455173	0.202578950204766	-0.195065070275239		0.23773295053445		0.0538793763281606		0.0898140263291515		-0.16140757480668		0.220170037917491		
GTEX-12WSN	0.38757379980213	0.274437255517635	0.0715785168754504						0.0375889456321063	0.0607050062835052			0.0566891395962893	-0.0188430712748393		0.0583502065546761	
GTEX-12ZZW			-0.0366752289483375		-0.0295113634463845		0.0797243624292693	-0.0399916713474066			-0.0643520583535335						
GTEX-12ZZY		-0.00351470125987453	-0.0542322541000792		0.0248286486510633		0.184513681143664	-0.123279971470145			0.0394988367334774		-0.137656719656861	-0.148716999545802	0.113609135370646	-0.00840684871696995	
GTEX-12ZZZ	-0.101674844534429				0.00146617492619828							0.00927924665329828	0.108257766261351	0.0685853331835137		0.154786883072473	
GTEX-13111	-0.0302411367655183	0.0407179844149706	-0.00070748859246958				0.202742440491849	0.237298726943677	-0.0397249719006496			0.106284697254962		-0.0830381021331097	-0.0159711743087581	0.0292007782701563	
GTEX-13112				-0.0393138314627382	0.00449628485817777						-0.0791951995539666		0.0897283804769557	-0.0301889373237294	-0.0273885311648361	-0.0947898620966466	
GTEX-1313W		-0.00677305253435512		-0.0215504574503446	0.111559287140457	0.102110930454442					-0.0407388818638571		-0.244942960583347	-0.240202506895388		-0.254808194459121	
GTEX-1314G			-0.0972910643026542						0.0370011313713238				-0.084033988264519	-0.117481918905754			
GTEX-131XG	-0.163506092551575		-0.0301583860985774				0.18293652679164	0.0866233650422767		0.0376593283360185			-0.316238972310345	-0.412197565902664		-0.278091158893984	0.0796229438690139
GTEX-131XW		0.0192326843601759	-0.0492879036592736	0.0631475926120973	0.142280655704401						0.0711611201132673		-0.0901193317546493	-0.177780780839898			
GTEX-131YS	0.0111847381658916	0.20870483168736	0.0824021771494343				-0.0966905302627397	0.12099700908709			-0.0428163890202819		0.0781390463306597	0.132953076331105		0.195906404188914	0.0109206860589385
GTEX-132NY	0.0269821257070348		0.01206159533143				-0.00932217255664875					-0.00731507695597652		-0.120918739698338		-0.0913047444900939	
GTEX-132Q8			0.0777137971003042	-0.0762716963817992	-0.0345639036274188	-0.46161213413781		0.0426933769450019									
GTEX-133LE		-0.0421938612539506	0.0359765538003297					0.183745793058849					-0.154388172786213	-0.145075222590584		-0.019934955036493	
GTEX-1399Q								-0.0920522098951698					-0.0303950786856072				
GTEX-139D8		0.0177008944083211					-0.285555359696262						0.0463884722850396	0.0307603649859653			
GTEX-139TT			-0.0819808951656917		0.131741512528555						0.0493035127601628		-0.275525676822813	-0.358241378946643	0.0687377830415277		
GTEX-139UW		0.0580516409699349	-0.0924542614445871				-0.0572169682105478	0.0230642258752322					-0.0835670827396174	-0.113487602977192		-0.105747996989373	
GTEX-139YR	-0.0436973391163732	0.0150446855105311	0.0989733668322176					0.0526836924853449		0.00590958030001956			0.119398351705935			0.163320698086714	
GTEX-13CF2				-0.063662761871576		-0.0178227636116856	0.12842686804954		-0.0556970796176412		-0.126152817549945			0.0306074424530444			
GTEX-13CF3	0.0694241616411507	0.00221560074093388	0.0629648845626169				0.171146352804033	0.0773708804305898		0.0640749204377186				0.137639795391421		0.198970078697851	
GTEX-13CIG				0.0172466098046681													
GTEX-13D11	0.0496227250596959	0.0813188382988576	0.0845490325162063				-0.0223125662595006	0.00189007833291084		0.0629915165472657			0.0287751839542373	0.0482778525178913		0.188507630787855	0.0268996624525075
GTEX-13FH7	0.0332674563327704	0.124796385391985	-0.0120449475518479				0.135271710378629	-0.257573689104563		-0.119703797749114			0.0240676349339272	-0.00658026314271838		-0.158556886423273	
GTEX-13FHO		0.0895230913474371			-0.00143893053028105		0.353147033183366	-0.173433399293333			0.0999475867522368	0.0813020706247935	0.0215908230530686	-0.00788366483352863		0.149909551541042	
GTEX-13FLV		0.0706343094432989		0.019426404516858	-0.220183366483219			-0.00334970810044696		-0.0175142386117374			-0.193032553006128			-0.217762986975108	
GTEX-13FTW	-0.170347505616823		0.0138183135941856				0.0156442141606878	-0.101304314797395		0.00636869352278505		0.016851193624129	-0.00656453124055216	-0.14134445397456	-0.155657142290256	-0.0966020538757262	
GTEX-13FTY			-0.0513838061837989								-0.109995358876588		-0.0990453317500527	-0.100529973359411		-0.0707368154436164	
GTEX-13FTZ		-0.00902183283666855															
GTEX-13G51			-0.0863904344819579	0.0140346327938308	0.0892119915444324	0.0935078811411565	0.263923818344892	0.162659010995802	0.0952897804248425		0.0216922360977561	-0.0382116338633508	0.0962124638202325	-0.0160986542210778		-0.00996014198757844	
GTEX-13IVO				-0.319639015765964	-0.0671002970788068						-0.0842062668898194		0.056503477310555	-0.044064917119029		0.0562230752168584	
GTEX-13JVG			0.0401115834915954	-0.0190132332828964	0.0855338367557705				0.0379611291692903		-0.0481792917435471		-0.0375823860438541			0.0163431817418736	
GTEX-13N2G		0.0283691293948663			-0.129719248867158	-0.0861528742287407	-0.00505121195618247				0.0723714668428165	-0.173321483072945	-0.177767995298621	0.0991327636901996	-0.269169387384818	0.189393892270926	
GTEX-13NYC			0.0327739604436866										-0.10307826077241	-0.129193490956457		-0.114347672992284	
GTEX-13NYS			-0.0561476157724259	-0.027640528719047	0.114185271439222	0.107563000479899					-0.010488956773793	0.0382213178075209	-0.0823561595655742	-0.115269449277799			
GTEX-13NZ8			0.109516189285543	-0.0995989077881656									0.136591487966276	-0.00201056351075294		0.0500324629217133	
GTEX-13NZA				-0.166646654296052							-0.0223502985912983			-0.167159230791399	-0.0854344824090514	-0.0425171740023823	
GTEX-13NZB			-0.00352469476980764					0.061853804655337						-0.249461162907534	0.242038238993063		
GTEX-13O1R		0.0294301455929788					-0.0197168595234791	0.0730534328312601		0.17142689094592	0.0270717862605834			-0.182314082007686	0.166431912120457	-0.0523662637520025	
GTEX-13O21	-0.162710620510689	0.127605776496821	-0.054977722173463					-0.0588620338201353	0.00748868599431927			0.00383384389164067		-0.160997525503641	-0.117933477446433	-0.0660584992050937	
GTEX-13O3O	0.052505866211612	0.0317035963170761	-0.0254626097816563	0.0248309830570006	-0.139643067929378	-0.0913696005267501							0.0300746245071634	0.0878961727012262		0.31464808242327	
GTEX-13O3P		0.00695989001592447	0.00128210202847995											-0.086046440592051		0.0224113317123798	
GTEX-13O3Q			-0.0728812485962227	0.0920983744733102	0.0583494526353018	0.0071266253560595		0.202981986227512					-0.115738300618591	-0.0902798166029699		-0.0219362316173615	
GTEX-13OVG		0.275255002578402	0.0409182348119923					-0.0582583064653639					0.0156960650391725	-0.0960485858894889		0.0843729414495656	
GTEX-13OVH			0.0894905494468127	0.00759394738093401	-0.00507359109119443						-0.0554681335923897		-0.16901013961987	0.0589859128993922	-0.308777213621681		
GTEX-13OVJ				-0.0291133664567416	0.197713669095231	0.0221571430757034	-0.0911075144678006	-0.0169971881998353			-0.0573524490326755		-0.103955380191604	-0.014820614906156		-0.10068950096939	
GTEX-13OVK			0.103159424623068				-0.239639537193632	-0.00105881576823424	-0.112239419828446				-0.0440516617914576	-0.092319877055906	0.198766616853833	0.206810779487022	
GTEX-13OVL			0.0858974929748635	0.0590165337659036	-0.223228732655139				-0.0148101558350535		0.168860320741835		0.0941504605913851	-0.0811848908708383	0.0666438428137763		
GTEX-13OW5		0.166463847548049		-0.0258263096570228	0.576057456502961		0.292296720068542				-0.0209675565656105		-0.209739718737519	-0.377505397576047	0.233964558103014	-0.226244630570867	
GTEX-13OW6	-0.0646991437643374	0.168211572025145	-0.0180273112189491	-0.0167161910170462	-0.0822518190745359	0.0346632624606979	0.111613677071335				-0.0256945709590572		-0.0766842617572791	-0.225855139123612	-0.190987147577567	-0.0818221413987392	
GTEX-13OW7	0.121440668608447		-0.0656202909008577	0.0302633981240181							-0.0245978416013346		0.0171600489316037	-0.0865549508944888		-0.0502210011400026	
GTEX-13OW8		0.0168110831394329	0.138621417575502	0.0650159457532396	0.111547648688641	-0.277699044910155	-0.091684423647779	-0.184912993739786			0.121215426495028	-0.00756864676677913	-0.048271127345231	0.00972686614142314	0.00853282090637103	0.176780315024761	
GTEX-13PL6			0.0732987613862052		-0.0718876913934185								-0.0459373280987224			0.00523835451569582	
GTEX-13PL7	-0.0606371238247353		-0.070324726929547				0.302024977796391	-0.275548250434936		0.00140591772139743							-0.013330643293705
GTEX-13PLJ			-0.0596970030336666								-0.0303198472833792						
GTEX-13PVQ		-0.0191813069930573	-0.0357482345737463				-0.0058832590149514	-0.123597848439947					-0.0189183836952328	0.0268480222457597		-0.0968217667125418	
GTEX-13PVR	-0.21233213536111	0.00921528382362274	-0.00798663721300406				0.231902266745592	-0.270111717947813		-0.0750249266724874			0.0552493317188977	-0.0675352201971345		-0.138901550448506	-0.0237655026595554
GTEX-13QBU	-0.0436900064893869	0.000617872626792103	-0.0584818219715831				0.123103005631725	-0.100084733894496	-0.0699318939591564				-0.0241352937211293			0.0736701153559066	-0.0161517910688483
GTEX-13QIC			0.0129187139754147	0.0689143511182708													-0.0490639369148932
GTEX-13QJ3			0.161801139098593					0.0810322058155773						0.223309106461046	0.273926149560677	0.0891393871257631	
GTEX-13QJC			0.085200170955365	0.00824263428325037	0.0525330310919023	0.0677167154294451			0.202660554045698		-0.124127172299075		-0.0618090057482168			0.27237098653809	
GTEX-13RTJ			0.0113960929858813	0.163869923245381	0.350438965396605	-0.0769093213026603	-0.0238298268029345				0.0609680821313492	0.0695002528078494	-0.0839950405235999	0.016282572744243		0.146499682648366	
GTEX-13RTK		0.0861955666466445	0.0147610347363416					-0.134966895134861						0.0453139634084263		0.272577848056151	
GTEX-13S7M					-0.0079273719414607									0.0434640660704202			
GTEX-13S86			-0.00378389465689522					-0.0760362194748298								-0.0175618035944451	
GTEX-13SLW				0.109501989085418	0.0667078872105585	0.245591870546308	0.233480608861421				-0.137487342700907		-0.105190319128758	0.0491211803157988			
GTEX-13U4I		-0.012281492371831	-0.076493943217392				-0.00503607755880692	-0.0550614798013373		0.190122265401257			0.10477045688126	0.000380128876553885		-0.216367904629203	0.0418530304648151
GTEX-13VXU			-0.0589752592078225		0.290833948008389						0.166077926749764		-0.0641589651416996	-0.156935856981519	0.113123255597366	0.0158898041542754	
GTEX-13W3W	0.162975722418887	-0.0224255013608508	-0.0940580812446242					0.146421227685469		0.308232408990657			0.157721843062887	0.144027124038778			0.0353422857551483
GTEX-13W46		0.00192574808449919	-0.0716581162178263					-0.262044261463189						-0.0588728331919767		-0.218595431606384	
GTEX-13X6H			-0.0320356020110064					-0.135645971564253		-0.152946947372527			-0.032159498021514	-0.147878417931639		-0.319330075393151	
GTEX-13X6I		0.158357597719431		0.00299909152362966		0.122793856967969	-0.558477068074129	0.0602692356365465					0.124834938940969	-0.165456897416698			
GTEX-13X6J				0.130986654081547	0.187739806709421		-0.131181300006851				0.121550015668256		-0.0128457114936931	-0.113254079594717		0.105126547808575	
GTEX-13X6K		-0.00229707267624014	-0.00440223739840429	0.0371253066061336	0.0210410798793924	0.0148153515842988	0.0990462952148082	0.0456638196760656			0.0248235916056304		-0.338628298324947				
GTEX-145MF			-0.135663411294443					0.0369391277174665			0.0338162343592267		-0.109538114611129	-0.138174623655526	0.132214756408825		
GTEX-145MH		0.00797428587332453	0.036721573393387	0.0200579566392108	-0.0305567903294839		0.0759859052859489				-0.0650464822093325		0.0168772848001645		-0.0913688176770288	0.0480190667529652	
GTEX-145MI					0.154707156492049								0.0584326808071707	0.0714385335136484		0.194513268853997	
GTEX-145MO		0.166820941765656	0.00653873217893498				-0.0417513798930442	-0.0514512592729376		0.0484827703281153	-0.0787385657322598		-0.126029157140917	-0.0554936098581932	-0.128783759848096		
GTEX-146FH		-0.0411610853427001	0.00301652564132011				0.17830862517461	-0.377181267202728						0.0318431867390592			0.222111221194574
GTEX-146FQ		-0.0235180462722314	0.0450976713217183					-0.464422449110475		-0.201546266570661		-0.192357483543065	-0.177712970398851	-0.0249079373232272		0.148018964797025	
GTEX-146FR	-0.00399312987357241	-0.034436351282558	0.128435756392678					0.018077964887772	-0.144717736738806	-0.0601356472304058				0.0348774587418043		0.270677591768744	-0.00711603934767022
GTEX-14753	0.0697244576916641		-0.068529408765765								-0.0464160973034161		-0.100305398533025	0.0189131387648464	-0.381509651548885	0.0850388970089376	
GTEX-1477Z				-0.0130228041203579			-0.111026828705344				-0.025195756414351	-0.00454734887822714	-0.00231820410583991			-0.058223307498618	
GTEX-147F4	-0.0471960685241857	0.0836225788600394	0.0313036940943914	-0.00338807628343401							-0.04893619096969		0.0191304524846244	-0.0433640541086258	0.0069760213626567	-0.0303800027633675	
GTEX-147GR					-0.0178765276861875	-0.291912018864039	-0.111783438121702				-0.0456606150754154		-0.0777589151232555	-0.0479221672691644	0.0182276859907597	-0.00890095027556614	
GTEX-147JS			0.0991201189726774				0.032750426556946					0.0163139711798638	-0.0829582866881756		0.0760965180326523		
GTEX-148VI								0.115863448251764		-0.152343567350863				-0.31616427682773		-0.517279766243728	
GTEX-148VJ			0.0576328907202791				-0.0445063087161651	-0.0879219586319289			0.0793714516639359	-0.115537108390001	-0.0396215725200991	0.0223941992746604	0.0521099029020652	-0.0237248427348706	
GTEX-14A5H			-0.0633214502712016				-0.1479398937411				-0.0744441976560941		0.0885852017686394	-0.0246501899161585	-0.089971875501328	-0.131549030207992	
GTEX-14A5I	-0.0597794015494059	-0.0362228664699163					0.13039259814729				0.0404040804958697			-0.190200175232411			-0.0672635095604378
GTEX-14A6H			-0.0642515100402677					-0.103570176847787					0.0205841087332322	0.0169848029622053	0.0861152231616687	0.265075823999511	
GTEX-14ABY					-0.00485960663548944						-0.0378434573163738	-0.0814477756946376	0.0561144421996655	0.00386742344943087	0.0744840394231222	0.257001828200774	
GTEX-14B4R		0.049983971114838	-0.000154293463516947					-0.0664102285609457	0.179440527030746				-0.0427542062426087		0.0733368155647434	0.163394047982695	
GTEX-14BIL				0.0428342131067961							0.1042026497731	-0.0227488205982314		-0.0621215754563246	0.0359572450658533		
GTEX-14BIM		-0.0459318539919601			-0.0112085820993776	-0.0600752721698245		-0.0871930769819412			-0.0670681772289186			-0.0315895802035244			
GTEX-14BIN			-0.00311412521179698		0.214972898232569	-0.0784278338613752	0.148708221474905	-0.0614799683102383			-0.095184315897536		-0.0994136422496138	-0.0820538938348978		-0.0205003543940212	
GTEX-14BMU	-0.274351749047042	-0.00229342097362056	-0.197648120026523				0.316401460944701	0.0660190103053534		0.0883279006529985			-0.0735223784689071	-0.342605458982974		-0.249180780012202	-0.0107503161460871
GTEX-14BMV		0.226293258551991	0.046926844682495		-0.0355723881408219						0.0266378507274134	-0.000881564497279656	0.0695947448841803	0.0881711058297516		0.305051818699237	
GTEX-14C38	-0.0608923276323317							-0.170375342122498					-0.120506368151624		0.209041827774809	-0.277414186656944	
GTEX-14C39	-0.0272271448689634	-0.0128779493988182	-0.106178609459792		-0.0894269269430872		-0.0829102205260643			-0.024785309381124	-0.0240167599529705		0.0151878842514593		-0.423635918738458	0.0982224265583031	
GTEX-14C5O		0.0688778297552856	-0.0969715833609857	0.109139338525564	-0.435810987065676	0.0588908077691004	0.162575850871519	-0.179807783607096			-0.051677902560161	-0.013790856378048	-0.0781183709193761	-0.110448168130307	-0.135922192600323	0.0233500028190041	
GTEX-14DAQ	-0.165018569702502	-0.00737334748904871	-0.00338251517861635				-0.0412968608617266	0.0918652728618434			-0.0685513196275079		-0.0800167717537239	-0.165975706109472		-0.194793123823998	-0.0172739101464224
GTEX-14DAR	0.00621148379838443		0.0290251645714413					-0.0534422533860674		0.00900562222498963		-0.0518466056187266	-0.0759866996526584	-0.228746574629181	0.171412226322171		
GTEX-14E6C		0.102507236800609	0.0976396481342988				-0.0170189008526547				0.0486359419861616		0.055684068041395	0.0415722670636607		0.160638452192493	
GTEX-14E6D														-0.032619179968861			
GTEX-14E6E	0.0398169856699509		0.0359732256890271				-0.00174143054542739	-0.201511813128026		0.0443050564795517		-0.0569398562133305	0.125670541486362	-0.080026082388318	-0.0632972352821409	-0.0908665880782953	
GTEX-14E7W		-0.0256785936247824	0.0997526339803		0.0689257938564706						0.0945153659243813			0.00920747060570116	0.125783001244376	0.143541158582466	
GTEX-14H4A	-0.22544964230037							-0.20119732982167									0.0363207537109855
GTEX-14ICK								0.178008232258269				-0.02987642235816		-0.184760361503296		0.00746304157525439	
GTEX-14ICL		0.0216057976106723	-0.0602132423351759					-0.0707332830886282		-0.0337697416480037			0.125929830324591			-0.106254182762673	
GTEX-14JG1			-0.113081582548172		0.0399421773770107	0.0340668748590799					0.0721676236058397		-0.109329409358826	-0.102215283630387			
GTEX-14JG6	0.099515218579595		-0.0273693889972022				-0.114606741003281	0.225521218055351		-0.0414618320048456				0.0777049908305162			0.0617527247120595
GTEX-14JIY				0.0606153295288829	0.106192475698564			-0.10117307403607	-0.0635471170058578							-0.0950232606358892	
GTEX-14LLW											-0.0557024248884099		-0.00947103775482426	-0.0540675825867933			
GTEX-14LZ3				0.116097124111729	-0.0706528843520667						0.00190276589067702		-0.168929959550583	-0.196320285833842			
GTEX-14PHW														-0.16073687920004		-0.367060810274206	
GTEX-14PHX							-0.228885647298299			-0.173169629932674			0.0209878129564513	0.0227684441433742	-0.186888085213559		
GTEX-14PII			0.055962797254529										0.0122479218741821	-0.195116378303645		-0.29344048341289	
GTEX-14PJ2		0.062664098793106								-0.0293522512293499		-0.00824232077596527	0.0276985807869685		-0.126738134141261		
GTEX-14PJ4	-0.279681368555239	0.0518725444863735					0.218287785478094	0.138175476915138		-0.0734536143322346		0.0627635118707882	-0.229375239264572		0.0572633068302198	-0.213773153123221	
GTEX-14PJ5			0.101870346510949					0.00946418941880031					-0.280223985591881				
GTEX-14PJ6	-0.164199326097758	0.0888719740973806						-0.111947458469598		0.0721569709887017			-0.120917009750233	-0.141545985579712		-0.0370530181631278	-0.0208658604935811
GTEX-14PJM		0.00485708247375733	0.110879613599985	-0.180284803058288	-0.111891188810276			0.224325209320844		0.151858595644764	-0.0577889752899112			0.0897881083983996		0.279618891173103	-0.103833938931788
GTEX-14PJN			-0.0580650206580722					-0.019216093327453	-0.0105972712652753	-0.0129653709583537			-0.105462297938252		0.106889406375926		
GTEX-14PJO				-0.166472657498983		-0.251728655176223				0.116151453257325		0.0124182703530576	-0.0866662572853828			-0.0348217111972275	
GTEX-14PK6	-0.24060625031976	-0.00222651860442314	0.0437806961622245				0.328325084604854	-0.146320448039523		-0.000708655072497101			-0.0591481770595459	-0.119212191646406		-0.103859153960079	
GTEX-14PKU			0.169081622082256							-0.119767220032399			0.0764868974031033			0.277396410755252	0.0054061417315347
GTEX-14PKV	-0.124676146055761						0.03958438407342	-0.0175015442925875		0.0902970561243556			-0.090127199318255			-0.228388930810031	
GTEX-14PN3	-0.0278945475180481						0.182757867001607			0.0384134693511078				-0.244558783984714		-0.109234224570787	-0.00853139847171243
GTEX-14PN4			-0.100686521867066	0.0492121436774307	0.0533274491332701	-0.158027865331452			-0.143015966670566	-0.0449195372348755	0.016541002950161			-0.0179087084712066		-0.0491857976857468	
GTEX-14PQA				-0.29163594253205	-0.0640862151576323						0.0815030217308874					0.199189625818177	
GTEX-14XAO	-0.0813135583401607												-0.0562307333720362	-0.179516138489771		-0.0592446538915781	
GTEX-15CHC		0.0259974069337928							0.0739218990556109				-0.0952328297019518	-0.150369628701939		-0.0985988229759162	
GTEX-15CHQ			0.0221706858400994	0.00354649754788394	0.0634031530179274	0.0419782180062371	0.216941971525949				-0.00420308206671627		-0.136253458246899			0.045411744674653	
GTEX-15CHR	-0.30051205914125											0.0118840974873506	-0.0973361251391076			-0.115325091664741	
GTEX-15D1Q			-0.00325453395752928										0.0436861680233772	0.0144978156972827		0.147826214962796	
GTEX-15D79			-0.0774941591279253								-0.0743085422888483						
GTEX-15DCD				-0.00202897114810785	-0.273680262795054	-0.356818866340426		-0.230181924194122			-0.0623764468112294			0.0569848911426876			
GTEX-15DCE								-0.105263884926609									
GTEX-15DYW	-0.145250350990289	0.128654511866015			0.00770740332939618	-0.25797876770407	0.12668265992845	0.128281363106324		-0.102498460263644			-0.00372337036701866	-0.156895681116937			0.000112250666658124
GTEX-15DZA		0.00984831599435773	-0.0677857117900045				0.128561407538678									0.0365703783841592	
GTEX-15EO6					-0.00531323949622858	-0.0481504790244862	0.0122368318549807				-0.0765133035114056		-0.00757975438092652			0.122871091215372	
GTEX-15EOM			0.0605365168878614					-0.148466847389644						0.0247469869337648			
GTEX-15ER7	-0.0687817105527655	-0.010926175161543		0.109414561200767	0.0712068940032921	0.109859233025774	0.113138687088292	-0.175036994167882		0.217147825288482	-0.0745987030793085		-0.192348357305052	-0.250508124833898		-0.0280519083011301	0.0140537812017794
GTEX-15ETS		0.0990419314605044	0.141056359775729				-0.160987671791195	-0.174097820554587						-0.103108367663695		-0.133890756788781	
GTEX-15EU6	0.00934992789255332		0.0219912962814869					0.244224379739743	0.168711563675665	-0.0354886303504396			-0.108819049791582	0.0278438874771516		0.168049784658105	
GTEX-15G19		-0.00659874537516982		0.0968590335383749	0.0219637111214821		-0.106793349560194				0.0887794105294828		-0.207534381173097	-0.138045934806029	0.0304878465400325	-0.044314488787459	
GTEX-15G1A			0.0302118616082742										-0.151610957453838			-0.0799995547149669	
GTEX-15RIE							0.0265868258848467	0.0221773525986503					-0.115595202201622		-0.0569376156923938	-0.169513558821155	
GTEX-15RIF		0.0643341378680823					0.0461446843879249	0.133127772065637		-0.00330711521624904		-0.132128591049228		-0.145814417340733	-0.128094848792924		
GTEX-15RIG													-0.00896199691806132	-0.337124214760102			
GTEX-15RJE		0.0374473643345295	0.0286788716975563		0.220787725690573	0.0185052434005812	0.014962467682273	-0.0208703105824846	-0.00342010445078961				0.0267797233453965			0.101268886965683	
GTEX-15SB6								0.0927546002882631						-0.0604534397683642		0.128913033391809	0.0278984236560193
GTEX-15SHU	-0.0949966137138902	-0.0158618689471349						-0.332137593542467						-0.334859920358917		0.0609347323590082	-0.0935906803853915
GTEX-15SHV		0.011235249200932							0.0489447671991405	-0.0458525509244446				-0.109440732021921	-0.0767821317535013	-0.21137790961683	
GTEX-15SKB			-0.0773543895865393										0.0708029017818732		0.339787654125286		
GTEX-15UF6		-0.129249897393154	-0.0496231102429164				0.119844538624596	0.00753644781882912		-0.236075561220855	0.084813655237464		-0.260101808811562	-0.367815100897249		-0.136417998453781	0.00176826167948283
GTEX-15UF7			0.088753091110924				0.145514021903074	-0.260525082122686		-0.00833097144232632							
GTEX-15UKP										0.177655649097986				0.04046965244125			
GTEX-169BO								0.0856484436998533								0.227680271262731	
GTEX-16A39								0.0383699403224004									
GTEX-16BQI							-0.0243822316152311	-0.176462725049871					-0.0629925924349115	-0.0530158381010396		-0.107035463070876	
GTEX-16GPK			-0.031839697824783	-0.0752049938007704							0.237753468244552	-0.0128856824991483	0.0679330033561251	-0.150232061640644		-0.0466130253495129	
GTEX-16MT8	0.301259697219911		-0.0285240482448564					0.047439305084815		0.0827497599999846			0.0776576395775495	-0.00814459979428298		0.0699224314669322	
GTEX-16MT9													-0.0438012736669995				
GTEX-16MTA			0.0111969021029988				-0.0426797625369348	-0.0371904353041285				-0.0199951683238057	0.0582644819559448		-0.249651896213029	0.118377246776696	
GTEX-16NPV			-0.0511854363634993	0.0828267298634382													-0.0740513760180268
GTEX-16NPX								0.100614111594095					-0.167691630677324	-0.207111253528148		-0.0836672177440738	
GTEX-16XZZ		0.0455631700473272	0.00739277790797281	-0.0434776809991881	-0.0543539812733174		-0.15888401045596				-0.0942732828725711	-0.0600299754260688	0.0024580063166343	0.0308885947567577	-0.0257094374643727	-0.142157416591428	
GTEX-16YQH			-0.146066478893928	0.105910349117716	0.0781634945684819						-0.108690608333711	-0.0868877551764105	-0.0991255866651506	-0.183128359312451	-0.0465879477816844	0.0187330514306212	
GTEX-16Z82				-0.0787237274443996	-0.219764462150201	-0.230501643476267	-0.0192786162597735	-0.0936632545366968			-0.0178669230907895		-0.10474564590699		-0.142675800960814	-0.151735692683805	
GTEX-178AV			0.00956858530702253					0.0774111786916512	0.0694241266348753	0.0472331056692706		-0.0208214429569957	0.0927817006234728			-0.254761874096551	
GTEX-17EVP		0.00866400075269067	-0.0248334519838378	0.273469121394418	0.10676811158316	0.0568477265999997					-0.102783945807864		0.0242566142101732	0.0224244329731531		-0.070401178900938	
GTEX-17EVQ		0.194910144969375	-0.0183215334416738	0.0738336835858875	-0.0645918693572132			-0.120818028165419			-0.030412204111053		0.117372466897394	-0.0508468384802477		0.363752418068062	
GTEX-17F96		0.0359943220679614					-0.033901742320298	-0.133774467360633					-0.136997179017355	-0.0236094579954146		-0.0546807906092897	
GTEX-17F97			0.0267571391344865	-0.212893863794526	-0.261189351411127								-0.121856940007193	-0.0582576560136744	0.197116720308639	-0.0847405941753104	
GTEX-17F98		0.029489786857645	-0.0107912038787046					-0.0839697914562273		0.113097596524717			-0.107232029619748	-0.058903619871081			
GTEX-17F9Y			0.00765354722867393				0.115922563612457						-0.0482745454405293			-0.227373920719786	0.0026100539516914
GTEX-17GQL		-0.0397023076094838	-0.118733520279515				0.0219006181615221							0.120508850037922	0.116734752588084		
GTEX-17HGU	0.351253507026493		0.0267773552209113				-0.0891617975671073	-0.0487319955174307		-0.0767409315866585			0.117318609956082	-0.0402314399017232	-0.029119152679602	0.18579028828421	
GTEX-17HHY	-0.0618865820645615		0.0781874979796673		0.0429231542423515						-0.0901447007154391	-0.0701930361257447	-0.0925890271145093	-0.178531787111807	-0.331881724179524	-0.194025085448903	
GTEX-17HII		0.00275705886074966	-0.0531092572778041	0.193795714452458							0.103043826285855	0.0150242612431218	-0.0508717314005999	-0.0953067121613	0.140386192931298	-0.0892260638814047	
GTEX-17JCI					0.197457014019406		-0.236518875423011	-0.0467865309639546					0.00688140499381555	-0.000891341013949418		0.162654991174677	0.016560419912118
GTEX-17KNJ	-0.032399663325153	0.12251583352182	-0.0408753865897987				-0.0958467342460001	-0.00223597431541458	0.185847444164027	-0.146647225678284			-0.020322801222387	-0.0382476507819519	-0.220699332692856	-0.0864287458816157	
GTEX-17MF6		-0.0045371630008718	0.0294240253046898		0.137699295562637					0.135980022266235			-0.0779939334885212	-0.035196243490857	-0.233574909695554	0.0674082195723731	
GTEX-17MFQ			0.0664428271060848				-0.568788650610416	0.0373106136286151	0.0853971839475727			0.00538473692322616	-0.00715208581273469	-0.0243334854550573	-0.035379202612542		
GTEX-183FY			0.101297396262699				-0.0101084040602497	-0.374400058515939					-0.127142794518251	-0.0602046615457493	-0.252620374761435	0.216844571672078	
GTEX-183WM				-0.111150438437564	0.133211555392529		0.0238310031002466	-0.240315278571118					-0.0394243537285296	0.0469606697594079		0.144131178054139	-0.0397932342728299
GTEX-18A7A	-0.158025767180072	0.000548312562140245	0.010103038961099					-0.0296329129904651		0.0306723899020436			-0.0432863362475232	-0.0862829720610575		-0.0770688947390711	-0.0168733760838549
GTEX-1A32A			-0.0299717464907358				-0.13768410080841	-0.13908222022239			0.0267355500796852		-0.0810883099295725	-0.123828452196863			
GTEX-1A3MV	0.163214540099407	-0.012486490235566	0.0137064383634517				0.0206790653389896	-0.00666616800576886	-0.118634442759109			0.0965193506440971	0.00612126096897725	-0.0221005211881975	-0.045730839735379	0.0345963886219296	
GTEX-1A3MW	0.0512118270631935		0.0528830034810336							-0.0251211679205552	-0.0683772700923806		-0.132787685316415	0.0310040033570279			
GTEX-1A3MX			0.00719822619877463			-0.23902181201195	-0.0778059985372858				-0.098725631022419			0.1631817061665	-0.189962576327265		
GTEX-1A8FM											-0.0726553444645531					-0.306154946535271	0.0110076085830648
GTEX-1A8G6			-0.0850103991228421								-0.0921367936972934		-0.237573756580264			-0.197524048708943	
GTEX-1A8G7			-0.00103913961086592			0.0240160220690857					0.123247179654095		-0.0258207181686618			0.144049828261524	
GTEX-1AMEY		-0.0514471379744538						-0.153590069130623	-0.15430992188397				-0.0814150178074969	-0.218321955154967		-0.0880868961340509	
GTEX-1AMFI	0.309922721994701	0.194910932864817	0.167026873759201				0.0319410831141608	0.0367411407809989		-0.193270895697198			-0.0819170060405677	0.038239016749434		0.0992917760527985	-0.110259241451962
GTEX-1AX8Z	-0.0910674262150269	-0.0700921990285734	-0.128213957225874						-0.0391753994059012	-0.100872615277864		-0.0871589907094749	-0.196067843799211	-0.158501126657119	-0.066711519157224	-0.099015172235917	
GTEX-1AX9I		0.0211594512354464						-0.15089905708274					-0.120699760883513		0.201816016553467	-0.283637483236576	
GTEX-1AX9J	0.239496978111966						-0.236874296006821	-0.116506030569139		-0.116393848033277		0.00303347982233017	-0.00198521620862208	-0.0746428238250704	0.270177598046332	0.0173261438717838	
GTEX-1AX9K			0.115001203701818				0.0788048756120965	-0.204648079848482	-0.0514483018250064	-0.0722303594789505		0.0408955155810885		0.0206538788972679	-0.0200001578375233	0.0422181769068866	
GTEX-1AYCT		0.180918994743264					0.148438218123677			-0.271420791692686				-0.0202366652613085	0.230468202591913	-0.142781125848288	
GTEX-1B8KE	0.118504889714895	0.0565338910279272	0.0538777379517047				0.0637073896045573	-0.124707120344048		0.158195725436263		0.00431940331194051	-0.0443700639673561	-0.0749452578011034	0.183398904994892	0.165075907658254	
GTEX-1B8KZ	0.366743067524677		0.118850532424484					0.0643168048761076	-0.0930255588139333	-0.144575432318223		-0.0159845314972829	0.0487263608922453	-0.00933073753068828	0.0462166638936031	0.225874531175746	
GTEX-1B8L1	-0.0407399961675161		0.0797330436465153				0.0955759734428594				-0.0474447341671702					-0.0268264213509007	
GTEX-1B8SF			-0.0226580714552349						-0.263058716355806				-0.00629057743901749	0.0142320975763694	-0.0755610967432256	0.0812389169068147	
GTEX-1B8SG		0.185951219068488	0.0454352171601274	-0.112807399516084		-0.0551045434863008					0.219665069180691			-0.119378065559611		-0.0815528942084105	
GTEX-1B932			0.0731745842195902				0.0556604443101402		-0.13463339066016	0.075619138791352			-0.0151656034057922			-0.0490018177757558	
GTEX-1B933		0.0302284304653576			0.219372764068032	0.0782237292152378		0.170695734245235		0.0276671467399261	0.295582559248322		0.0111239562323562				
GTEX-1B97I			-0.00617778079582324				-0.0292085304051457	-0.0444054741361115				-0.17085656091011	-0.102591079393583	0.0460467159035534		-0.0262656252655814	
GTEX-1B97J									0.150148286220291	-0.209564059754605							
GTEX-1B996			-0.0482761956910042	0.0247955997889411	0.0762851830646172	0.0632090918163497	-0.223055154951488			-0.195014811091894	0.139944015041106		0.0464254775663911		0.197851459297007		
GTEX-1BAJH	-0.114727148589759		-0.103904615564181				-0.100001008465739				-0.184774231925657		-0.111808525564077	-0.218414862682627	0.0199495964862587	-0.106119848477316	
GTEX-1C2JI		0.0184548470516811	-0.15576671285049				-0.0665698674478047	-0.0912421625247558		-0.0913647549421535			-0.115598347303693	-0.165240940404087		-0.209965464495787	
GTEX-1C475	-0.209349997448844						0.289048511094727	0.022769900726873						0.0295129225905367			-0.0750391259897329
GTEX-1C64N					0.112981234481565				-0.129602882532768					-0.0479262508073127	-0.00896149192774343	-0.266461078339035	
GTEX-1C6VR			0.10137382337253											0.0433801293954459	0.225757826786826	0.0803471459902961	
GTEX-1C6WA											-0.0884693354406951		-0.170603359409				
GTEX-1CAMQ			0.0665139384332082											0.100600595625601		0.180081274284374	
GTEX-1CAMR	-0.234014909284596											-0.0146040734655091		-0.0523955185862646	-0.0979070175570803	-0.22151389091938	
GTEX-1CB4H													-0.0581343858751262			0.251623081157636	
GTEX-1CB4J											-0.0787582356843717			0.00628189071509454	-0.268739333051346	-0.07534190536498	
GTEX-1E1VI								-0.000423184601835797					-0.0769999597763248	-0.192429928586343	0.256108867280212		
GTEX-1EH9U								-0.009430909366119	0.0656099676769093		-0.103555901854748		0.0534461207322847			0.17353945381845	
GTEX-1EU9M		0.013345494136236						0.0707478361082557				0.130805394521069	-0.0929659624699433		0.147921145636554		
GTEX-1EWIQ								-0.00648441498314251					-0.0494836323480489				0.0263711742071458
GTEX-1EX96								0.0376397327150443					0.00808393055583674				
GTEX-1F48J											-0.0538664980260679						
GTEX-1F52S													0.0789255807008582				
GTEX-1F5PK								-0.026944481469434									
GTEX-1F5PL	-0.0680124180505615									-0.175999462467159							
GTEX-1F6IF											-0.0638662612310894				-0.093674074206579		
GTEX-1F88F								0.147790040650213									
GTEX-1GF9V											0.0736670607585365						
GTEX-1GF9W											0.0223417788739974						
GTEX-1GL5R								-0.378205373658862									
GTEX-1GMRU															0.0767146219718488		
GTEX-1GN1U											0.109720946643478						
GTEX-N7MS			-0.0531023618871974	-0.0694088983701409	-0.14684098282161	-0.0593312633829969					-0.0124592693811802				-0.241118998473153	0.222097802265011	
GTEX-N7MT		0.158001647150098		0.0480676941315731	0.0796456168894788	0.146241550351574		0.00837350713016978			-0.111308679063034						0.0269375727621192
GTEX-NL3G																	-0.0203498398088848
GTEX-NL4W				0.0412754843527562	0.0509516717108991	0.0927550102241165											
GTEX-NPJ7				0.068082861887108	0.103042158552808	0.0659130649532936					0.113292931918471						
GTEX-NPJ8		0.05017936325923	-0.0124256371801119	-0.00242924799340109	0.0465671862829541	0.0891684659153656		-0.00300304116656341		-0.0117811870157004	-0.107439173806631	-2.1456450454975e-05		-0.3577953134094	0.181712037200378		
GTEX-O5YT	0.250880990834021	0.136070071039894	0.0816284425456733							-0.0820203431731287				-0.0401308417219438	0.153886759487913		
GTEX-O5YV	0.0269332318282117	0.0120984149901121	0.0317267270716178					0.0202448870359661									
GTEX-O5YW		0.150204802011776	0.0402191246296832											-0.299086392709631			
GTEX-OHPM		0.0217678446642069	0.107904108720403							-0.00767865850047733				0.075281605836136	-0.104399075892462	0.167306141575756	
GTEX-OHPN			-0.046508310238918		-0.0960539682682145	0.0344288609207324											
GTEX-OIZG		-0.035163991648451						0.138564845483447						-0.274897602741882		-0.284368370805381	
GTEX-OIZH	0.046306527457488		0.0268812692408437					-0.0404651580823079				0.0847542823723314		0.0901601117677712	-0.0923271580305647		
GTEX-OIZI		0.0897717995596035	-0.0861966880988717					0.120281033644172							0.194722010981539	-0.113811970509182	
GTEX-OOBK	-0.074513884850627	0.0244524573635645						-0.119804673533765		0.0166740313609744		-0.0135919336428457		-0.14203279712756	0.0166534292360224		
GTEX-OXRK	0.20668637205817		0.018928534505596					-0.194888227335663						-0.00869441570761813		0.121523558766887	
GTEX-OXRL		0.132646715358321	-0.0289337146244504					-0.0120538309860268						-0.287076188051914	0.411197108794737	-0.0351365510027831	
GTEX-OXRN			0.0835177227599205					-0.0161392070054626			0.0252577044686101			-0.0347575193100088			
GTEX-OXRO			-0.0229518075244577			-0.317425308832323								-0.134941794481599		-0.0212659085536246	
GTEX-OXRP			-0.053632256294772					0.0424701574222331						-0.310253793715219		-0.28097495650162	
GTEX-P44H		0.13643027094642	0.0727961769449189	-0.142245998936043										0.0521766316532685			
GTEX-P4PP		-0.00872793814663926	-0.0572537796447849					-0.185907622558631		0.0970182356358362				0.0109329164126156			0.118929502109193
GTEX-P4PQ		0.0567306143554747						0.0575872862430719		0.0278850573658618				0.235895310412189		0.239793558788239	
GTEX-P4QT	0.189053585395622		0.00128895255260796					-0.0201206318703993						0.0384652509203501		0.275451476573006	
GTEX-P78B		0.0105514902294569	0.0696364979093167					-0.0835665481115385								0.00295981121677935	-0.0100799204364553
GTEX-PLZ4			-0.020875983410548					-0.231398085083639						-0.103392543951794		-0.0493133982610042	-0.0100283115744309
GTEX-PLZ5	0.252872368211678	-0.0490314678423508						-0.0733782731880279						0.00223102155996641	0.215266490927482		
GTEX-PLZ6	0.0317827971753472	0.0317915195542187	0.0462367806643336					-0.157359890495302		0.0918362368179095		0.0775914878904835		-0.0135086286436011	-0.145937170603178		
GTEX-POYW		-0.017453185364038						0.443749382460336								0.225067202821143	
GTEX-PSDG		-0.00739834012847347	-0.106865181761849					0.0615439821476448		0.0218454218775004				-0.148076647669521			
GTEX-PVOW			-0.0662060367280327					0.221965947180527			-0.0287572376497268			-0.296980279960569			
GTEX-PW2O	-0.130597500680851	0.0847629114501478	0.0165428619232444							0.110494534929578					0.106671159534498		
GTEX-PWCY	0.193057381648236	-0.0950920182923012	-0.0814649431404217					0.143968433478492						-0.142386941468299		0.0294789665251925	-0.0489916231695654
GTEX-PWN1			-0.000378485941115172					0.119791198849302								-0.117207024839722	-0.0185169468615493
GTEX-PWO3				0.0169465894809664	-0.0349580168525699	0.0747939060006011								0.0562764659903097			
GTEX-PX3G	-0.145555091351885	0.0267562078283894	-0.0383523619222666							0.0326518559989223				-0.163562417905177		-0.206258750273135	-0.00370769197676887
GTEX-Q2AG		0.0650140933409283	0.0870389544696754	-0.226618525431858	-0.0925198669722437	-0.146612463157367					0.10394740832655			0.00837527304281613		0.146181329775226	
GTEX-Q2AI	-0.130715349882424		-0.0977646390449365					0.132258215783368		0.108022770827937		0.0187549844911646		-0.143710968981947	-0.00464002456804784	-0.00263607207677674	
GTEX-Q734	-0.0528216951528388		-0.0154036630484639							0.0154748371452137				-0.0353768333068074		0.0735157874514257	-0.0175486664950206
GTEX-QCQG	-0.0211542095501461	0.0258668593960148	-0.0713750602101618					0.0668196260128487		0.0812020220393792				-0.116403677461605			-0.0527275937755534
GTEX-QDT8		0.0898904554662852	0.064220467463213	-0.0142697244623162	-0.0880495219502068	-0.00173314074441068								-0.10243580798013			0.0772805922125035
GTEX-QDVJ	0.155418010505603	-0.104136734335368	0.0802784772389209					0.00130053433880029		0.0815685356170646				-0.233646888098537		-0.0944121257113741	
GTEX-QDVN	0.00236690807114565	0.0344504689988694	0.102879897964879					-0.115779623038802		0.019743790951003				-0.0733749588290031		0.0972018614927314	
GTEX-QEG4		-0.00561327934294615	0.0111974615311088					0.166093364771732				-0.0346216341099465		-0.276749489422368	0.189612154297743		
GTEX-QEG5	-0.0119578229782358	0.00788802641654177	-0.206883195562482					-0.152560760840137							-0.0474355490323165	0.0214560571032133	
GTEX-QESD		-0.0362806103980822						0.0258778702736029		-0.0492994115344487				-0.114223054365675			
GTEX-QMR6				-0.161095073289505	-0.215018013728749	-0.0369236966291223											
GTEX-QMRM	-0.00616783184268114	0.0220938924551843								0.0655581027826231		0.0269937166584728			0.117996324438601		
GTEX-QV31		0.00914160743959668	0.0988795818719804							-0.333273669007179		-0.181884078971856			-0.19064355132558	0.000587573208454206	
GTEX-QV44		0.0532330707107853	-0.0238992540191412					0.0110568713251114		-0.0787119123360178		0.0111486739595914		-0.130910169464116	0.0546668356502911	-0.0717767420540236	
GTEX-QVJO		0.0171817985560435		0.0999603229036309	0.305179525794992	-0.0401863211167107					0.102293576836257			0.0280654099323357			-0.0864534384463658
GTEX-QVUS		0.099020655058153		-0.020844945180053	-0.0951627450467925			-0.221326225259987									
GTEX-QXCU		0.0550893169377705	0.0833154250895688													0.210732667727696	
GTEX-R3RS								0.0191819151057224						0.0426762406344133		0.207219772082387	
GTEX-R55C	-0.0725675463860295		0.0759186094774192					0.00797103639469106							0.00602765771126377	0.119945425380594	
GTEX-R55E		0.0415501636947732	-0.0490614187457882	-0.0655778662944818	0.109782364063308			-0.0257916630817676			0.067251272020219			0.058486536465154	-0.231844855639826	0.191563443707756	
GTEX-R55G	-0.304784762105342	-0.0914479063060264						0.193843685120175		0.016603811867788				-0.313618178943794		-0.38322215749496	
GTEX-REY6	-0.0628437252456441	-0.085185375708648						-0.104065052283617				-0.039294838316043			0.272587413404143	-0.0674123784214847	
GTEX-RM2N	-0.0323293765631952		0.0612893866902371					0.0516855651378642		-0.0270524815451343		0.141997181909831		-0.218255781290473	-0.000994133783706511	-0.0923584887818543	
GTEX-RN64			0.0571790038684874					0.182675976446699						-0.14905401193298	-0.0408690817805687	0.000155986354388904	
GTEX-RNOR			0.0873364588291904					-0.163817747485336			-0.0788465828932			0.0493780275966786		0.124251666083142	
GTEX-RTLS			0.0178583385274112					0.0991792493370081						-0.216076148154187		-0.0141377624795629	
GTEX-RUSQ	-0.108589547170035	-0.0482272994638003	0.0658955417078447					-0.10133696014663						-0.194264814691022	0.220858274323847	0.00194636136139567	
GTEX-RVPV			-0.146560451707844					0.140711352913397								-0.260867361274681	
GTEX-RWS6		0.147936565340622	0.0511295922077342					-0.0786567040289825		-0.0486781710685512				0.0438343282198735		0.0968085154273486	0.0418564321355538
GTEX-RWSA		0.0679231927546338	0.0592536732509579									0.0467058747563025		0.00914231753355978	-0.0431819287194571	0.191551640265362	
GTEX-S32W	-0.0997177914053551	-0.00405558772369637	-0.0512303606740333					-0.12673598159432		-0.0784589295951839				-0.109248606347457		0.0603943517802296	
GTEX-S33H	0.172822376610216	0.0619147894534455	0.0528131085656329					0.0489799186457377		-0.168234213674281		-0.0260860882034987			-0.246114943777633		
GTEX-S3XE	-0.294740684908952	-0.0711792934381244						-0.0330271086969974		0.176715448040365		0.10803666256096			0.0540494699517953		
GTEX-S4P3		0.0478713928020468						0.192155610045168		-0.0121179778515593							0.09742826305825
GTEX-S4Q7	-0.306486721466536		-0.0795105418377644					-0.0245588765441316				0.00913412820306643			0.0367000623029652		
GTEX-S4UY																	0.0812911904870935
GTEX-S4Z8	0.157363173972815	0.00607304198362197													0.125436658683695		
GTEX-S7SE			0.0538374092829879	-0.13051639814214	-0.198518665645673	-0.140285294113241								0.0591130643672093	-0.407228568324208	0.233588102229425	
GTEX-S7SF								0.106791451628975								-0.0140864401507042	0.000935146326867509
GTEX-S95S		-0.0306520664930148	-0.159962175807369					0.121162472613823		0.228070692379031		-0.00693914601953684		-0.0864483363637112	0.0523254532231853		
GTEX-SE5C								0.157354626654693		-0.0482192668176284						0.134498159725074	0.0166447097972811
GTEX-SIU8			0.0576742095839499											0.140087122984594		0.22987707917282	
GTEX-SJXC		0.0876249891950493	0.0577603804186635									-0.0201845311442149		-0.140084869212514		0.160699017632964	
GTEX-SN8G			-0.00097432576824337											-0.311569120420727		-0.00143118315866661	
GTEX-T2IS			0.128418765758321		-0.00141609865010953	-0.116969733351038		-0.183576347847992			-0.03889741348741			-0.0165765134788832		0.216796269921916	-0.0374774044751441
GTEX-T5JC		0.0301555579737457	0.0047015797860879	0.15481570794502	0.0489613563044355	0.120650344002914		-0.0389284381834723			-0.0809328989926635	0.000277044951309282		0.0755487175683639	-0.331760555176299		
GTEX-T5JW								0.116364209505064		0.000989267666360677				-0.102443475269607		-0.14799209813004	
GTEX-T6MN		0.0466614736298041	-0.000235413833224403	-0.0100299388505938	0.234748107780153	0.0810702132561191					0.0733099161102375			-0.136883000239997	0.0153097158160158	-0.0671333675064452	
GTEX-T6MO	0.247669742612748		-0.0181849052774363					-0.0163540884660063						0.0319300369871184		0.121208985583141	-0.05003297063004
GTEX-T8EM		0.0236376639241776	-0.0119515018360924					-0.0596692566244756		0.00508861860311834		-0.101157866043228		0.0707576694631814	-0.0959042695364061	-0.0987066491921333	
GTEX-TKQ2	-0.101687178744153		-0.038719996684128							-0.00505854003058162					-0.168765707667745		
GTEX-TMMY	0.137340726199032	-0.00213677947299838	0.0622805194032081					-0.0978204649067525		-0.218977617821762				0.0382112187830379		0.205099939332657	-0.022549005014687
GTEX-TMZS														-0.248380372944358			
GTEX-TSE9			0.00852589825043308	0.0251613483841001	-0.349128037560119			0.0661432971029814			-0.0100555863258521			0.0865025924363182		0.159239348609825	0.0339970564931887
GTEX-U3ZH		-0.0486524973603557	0.0285954270062834					-0.0140369120182737				-0.0488214900124349		0.0970626724770608	-0.126914381536239		
GTEX-U3ZM	-0.0447363437269065	-0.0686958168480187						-0.130624902866708				-0.0471752427964532		-0.143099870691189	-0.112678403659877	-0.0878450247980445	
GTEX-U3ZN	-0.225164843994694	0.135787578702299	-0.102441936487546					0.068808771514872						-0.404491366924089		-0.236916526907061	-0.025286127373877
GTEX-U4B1	0.116047236982598		0.107002700402647					-0.0744766898105865		0.037623954489268		0.00789688958289414			0.0148984616188517	0.117761916228545	
GTEX-U8T8			-0.00640381438643179											-0.176317937298322	-0.0284682377473634	-0.120268850887792	
GTEX-U8XE		-0.0213228214285768	-0.0802255580547605					0.0285965017046515		0.283986375601605		0.0216565187983353	0.0907206219862332	0.0252235198967323	0.0557322232710577		
GTEX-UPJH		-0.0238777029235657	0.0196816485202177										0.115228683185467	0.0189623602046805	-0.329898745642667		
GTEX-UPK5		-0.00327220062403517						-0.0447887615656077					0.0199825952710248				
GTEX-UTHO					0.0395606148860525	0.032260124805618					-0.125826682792356	0.0963748104798295					
GTEX-V1D1	0.22326279366856	-0.0821245469175166	-0.0129818472202377					0.0869286291177169		0.00708924173697657		-0.0633944647015215	-0.0614680563380753	-0.153243314117652	0.0140760719492233	-0.133035031902213	
GTEX-V955	-0.0696435959225625	0.0163228021830392	-0.0617014242194651				0.0889586958274216	-0.198388744460425		0.0236452059735393		-0.0522409209650532			-0.0405388668288506	0.122937844088166	
GTEX-VJWN			0.0446501537492059											0.140090153492677			
GTEX-W5WG	-0.0304455283162198		-0.0215896661393603					-0.123213860230977		0.0541386996481611				0.0593516825841687		-0.325116782695182	0.0202093845590519
GTEX-WEY5			0.0913039316567884					0.0042657096595575					0.0675798267931118			0.0251899731405507	-0.0187379953620725
GTEX-WFG7		0.0312542349405073	-0.0386396034389633				-0.0706068944453824	0.00355541728580874		0.0229358752879922		0.0285074767552093	-0.102048859345928			-0.102841836284552	
GTEX-WFG8	-0.278601328008258	0.144058090001675					0.103955482898981	0.0449500525279407		0.0130574282448767		0.00588635319103576	-0.346477763543813	-0.531602124508953	0.195084474026523	-0.278493372616983	
GTEX-WFJO								-0.0643739910755876	-0.218410186001433	-0.0699492808650738						0.175458844763182	
GTEX-WFON		0.102152464131273	0.115000314664956				-0.0545269047547165	0.0235563199771136		0.0194377357810368		0.0432867767653513	0.0697975597966362	0.00629824875980177	-0.00724878506430095		
GTEX-WH7G		-0.0212306689214903						-0.0639875953003073	0.0124626706988541	-0.0174561298762014		0.157154551544315	0.0249105407783292	0.0450056173134338	-0.0555049766194947	0.30232402760012	
GTEX-WHSB		-0.0601578399034634						-0.0906653541781601	0.168652725446534	0.00247616385421225			-0.145469679432577		0.209228396729746	-0.00197091206506643	
GTEX-WHSE			0.0768757114573374	0.0925293274160625	-0.0996214903836433	0.0458620229382745		0.143967560487997			-0.114374060906347		-0.193146698062279		-0.0445625411070948	-0.098040515057683	
GTEX-WHWD		0.0138457277410244	0.137179384214728				0.00616015037867762	-0.256686560103146		0.040912022113709			0.0327216033405412				
GTEX-WI4N							0.274623038923866			-0.0837309944617671			-0.159629327201062	-0.149297532221252			
GTEX-WK11								-0.151469517759212				-0.0314401125590471	-0.0608357777516273		-0.0911930752932774	-0.0346175698867601	
GTEX-WL46			-0.015438111068548		0.0175343837030659	-0.189099232744034					-0.144787958867654					-0.00709476876584131	
GTEX-WOFL														-0.188176314044267		-0.00204284224696069	
GTEX-WOFM			-0.0390624481898301					0.0498311829683845	0.0251093735950489			0.00316609800280416			0.127334665409879		
GTEX-WQUQ	0.0060116168886747	-0.0446856993596447					-0.130303137566554	-0.247211197322697		0.173784347471232				-0.0157593227686536			
GTEX-WRHK			0.06987322655851				0.0787706369210623	0.0140129501686749		-0.133213895370269				0.121666679767627			
GTEX-WVLH				-0.137794522997791	-0.126023546849388	-0.0467740438339107		-0.187014900394852			-0.0309899384652333				-0.235015627389025	0.00570220822098294	
GTEX-WWYW			0.0503202010627351	0.108238339139099	-0.151621354939081						0.0645606527018709					0.193337851615733	
GTEX-WY7C	0.319546618678646	-0.0712545142557939	0.0899941280259296				-0.547502862485322		0.0371045346770772	-0.0740286406462325		-0.00788093574704918	0.0296804697145947	-0.0353540576750268	0.00577667373981584	0.0714110195738269	
GTEX-WYBS			-0.114207292583992										-0.187789292446338			-0.30581806883524	
GTEX-WYJK		0.0294658192105005	-0.0444114522429141					-0.00634270954219565		-0.0928137360632363		0.056202290819857	-0.137370191549357	-0.0893510012689174	-0.129177822627754	-0.00525981882974064	
GTEX-WYVS	-0.167004832082507	0.0782372550750257	-0.0861604772475089				0.145499403979628	0.0879745675036874	0.116730501034938	0.0106257406516077			-0.10793797483171	-0.101235034422629		-0.142497456259065	-0.0577860292186609
GTEX-WZTO		-0.0611237443799224	0.0873839126185796	0.0394882358835472	0.0873686577627865						0.305776234799082	0.0569683235824751		-0.0444288731639539	0.108787263994931		
GTEX-X15G							-0.0648867399072674	0.0218031030426522	-0.178775535376356	0.111105584076876						0.10412852722354	0.0207614078954429
GTEX-X261			0.108995071451955	-0.0985758290855206	-0.0885588512696812				-0.0212735622091086		-0.0665389220450157			0.00214828589810823	-0.626854993931333		
GTEX-X4EO		0.0236561201793727					0.00491450228000479	0.00569679320194561					0.0881641187998458	0.105679761293506			
GTEX-X4EP		0.0265495604511625	0.0120168679588916					0.0664509103693984			0.104006018422535		0.0812944510797991	-0.09285844902739			
GTEX-X4LF	0.132909826418486							-0.0734967175162302		0.0596556022271693						-0.0751156703142526	
GTEX-X4XX				0.159820737032754	0.0697414850257937	-0.167586360232461								-0.164967867652601		-0.0777493865451524	
GTEX-X4XY		0.0518006749114003	0.03801226688584	0.0120580778117152	-0.289184104849737			0.0630577046102662						-0.0264007350072201		0.00547814583497734	
GTEX-X5EB			-0.0889907765709016					-0.193418534679869	-0.0258457610545987	-0.185921400594806		0.042126940826955	-0.208825508902618	-0.231809611418298	0.107145447929131	-0.214761951928381	
GTEX-X62O			0.120920288577462					0.0101558670902234						-0.0595760280673774			
GTEX-X8HC													0.0292404640414058	-0.0453545755225951		0.027507905731025	0.0743005308840022
GTEX-XAJ8			0.179770818137223				-0.302118159536623					0.0629584682920718	-0.166327826448866	0.00677067139345498	0.103945471218626		
GTEX-XBEC			0.041817196150366										0.191595644044703		-0.430792392010693		
GTEX-XBED		0.005654778056714	-0.0159968613072265				0.0302080287608555	-0.148171251988408		-0.0314274200992179			-0.0312721294921815	0.0379140470129122	0.0102195186389041	0.00864002187875509	
GTEX-XBEW		0.0451279655505946	0.217938527517637					-0.36095757284023		-0.0625394106474579			-0.0867148863635612	0.0870754913895888		0.101195588464633	
GTEX-XGQ4			0.0695161154870082					0.0430822964940228	0.0408607896078716	0.0735140586849672		-0.0246022119421393			0.0220035178792485	0.212935427881743	
GTEX-XMD1				-0.0429130793051906	-0.283805607083333	-0.000361951782171514											
GTEX-XMD2								0.169004019439377					-0.241666766293159	-0.170675069023504			
GTEX-XMK1	-0.0773736911311129		0.0579950498379774					-0.185677879887839	0.0887631191337973	0.0607908313080243		0.0305796179324091			-0.080473816100625	0.111702543381	
GTEX-XOT4			0.0278989554930684										0.02736957917043				
GTEX-XPT6		-0.00911135790172559	0.118351139216922												-0.184780200262385		
GTEX-XPVG			0.065645665714925							0.0653674713932973		0.0407776760724984	0.115686381925472	-0.0949099505481486	0.124815895580721		
GTEX-XQ3S	0.0646027618290227	0.0762528344745077						0.192289303789174				0.0139645502501595	-0.008822855731108	-0.18111320294353	-0.131069483618045		
GTEX-XQ8I		0.00126577714603849	0.0896141831216385				-0.177624224756699	0.021838849354907		-0.0661578320458318			-0.0593845759424876	-0.10298235525437			
GTEX-XUW1		0.0345801153614526	-0.129547499019011				0.162720694900756			0.0191983385090661			-0.0662030814472784	-0.385289147580021		-0.270049519455617	-0.046663061515412
GTEX-XUZC	-0.258947068081403	-0.0216097281706947	-0.160356246517939				0.0638301047164258	0.152576102567754						-0.187706280949685		-0.209194854121235	
GTEX-XV7Q	-0.115131685919149	0.0174760683015669					-0.0271908758743735	-0.0467939662535734	-0.106155956946291	-0.0162250736947627			-0.167967245312436	-0.206131323428233		-0.114007903318091	-0.0916292220879689
GTEX-XXEK		0.0301916783335197					-0.0238422980282506	-0.200501405251068		-0.0189894429597446		0.00854092967240692	0.0143662560870771	0.054975188935871		-0.246229140811578	
GTEX-Y111			-0.0187395104102058					0.143578887344923	0.0945501965099222				-0.118074590365832	-0.205836945345261	0.2480144234027	0.038441845325448	
GTEX-Y3I4		-0.026430102333225					0.136709539403889	0.499782446964128	0.0679320739703521	-0.0688802443763324			0.0548674309766769	-0.129350003397129	0.0575473457375614	0.0420673168415414	
GTEX-Y5LM	0.103218874094381	0.038663927754646	0.107484082575483				0.181151111277959	-0.145635415093926	-0.275264112460031	0.0211990612354536			0.00693288799265008	-0.0316974154393388		0.0992463386372401	
GTEX-Y5V5	-0.213151842348765	0.0729881688658915	-0.0347453503777014					-0.0174947987650142		0.151288646536742			-0.127624897671122	-0.152925470938374		0.0130748234172262	
GTEX-Y5V6	0.0847280533646276	-0.0354260754093938	0.0758289824823451					0.137625147881665	-0.0656410744579835				-0.0966808138880286	-0.156882062614109	0.25440123686164	-0.0199792435790942	
GTEX-Y8DK			-0.0590755074663965		-0.0188020011614149									-0.0124529297281543			
GTEX-Y8E4		-0.0168751835945429						-0.0229498917046164		-0.0474611547362506		0.00161791074406525	-0.082873624667667	-0.159635231543378	0.163058597033173	3.96161962090413e-05	
GTEX-Y8LW		-0.0198354039171633					0.18279806693808	-0.0444044385949426		0.0506415566392934			-0.120083263676155	-0.195623843522951			-0.0680223686036867
GTEX-Y9LG	0.0809526858322767	0.0061467954357441	0.0648196702757144				-0.288034876604812	0.0155417312385184		-0.010526716229186		0.0130383391820265	0.183774536477488		-0.491112720384009	0.041279414491532	
GTEX-YEC3		0.0133151101504947	-0.106800468653583				0.123586434645977	0.084375085976039		0.0654975755414037			-0.169400960866642		0.247648899537368	-0.22538480511724	
GTEX-YEC4		-0.0432798278502828	-0.0341201983105658					-0.279710435736313		0.00825667755320132			0.0708822760168026	-0.0881056929703393	0.00369451746919142	0.3404087861729	
GTEX-YECK		0.0522334289989848	0.059361377259058				0.0709091611888298	0.116232571961292					-0.110167758519692				
GTEX-YF7O	0.213627239876519						-0.292449536617716	-0.0026229109399518	-0.00395731272935793	-0.100555718238688		0.0873784966268	0.00796272520263076	-0.114844849827263	0.257668639183759	0.176548074844983	
GTEX-YFC4		-0.0531067046772851	0.0351154622354499	-0.0629717401541892	-0.097759397716584	0.0879497106846423		0.000221473506845898			-0.054726216536343			-0.172533263355469		-0.0545182209528753	-0.0182928686461877
GTEX-YJ89				-0.00807272881616021	-0.204813835521593	-0.163200712637067		-0.0826676163924168						-0.0390332919328157	-0.18736490879909	0.209209408452888	
GTEX-YJ8A			0.0762429301361609				-0.0531371835348516					0.0365395685509756		-0.0862929915179477			
GTEX-Z93S			-0.0373855477822582	0.0527901254779896	0.0616288881735301	-0.0345546640117105	0.0615719605583638				-0.0033545376626249		-0.0860681851615274	-0.154251546873647	-0.217461260625544		
GTEX-Z9EW		-0.0138065335073129	0.119567229618434					0.106425062558191						0.0525490664608116		0.152771158850882	
GTEX-ZA64	0.181464805559629	-0.0208254160189809	-0.0511409197138808				-0.219289044233758	0.144537825040027	0.0463748872598412				-0.150961244503055		0.188912935676705	-0.0245608268177489	
GTEX-ZAB4		0.0109271835927295	0.11251647387175	0.0728461170349304	0.0532278831579698	-0.0122152546266562	0.125034103575352	-0.0413452646086652		0.0557946361666926	-0.0207267701312289		0.0861276142352157	-0.127024740448953	0.02514722103562		
GTEX-ZAB5			0.091462874825141				0.148047159329562	-0.224855921253226		-0.00897192235940249				-0.234973558271895	0.0427611755630623	0.0806445978430627	
GTEX-ZC5H		0.0227259203800547	-0.0403874389755852				0.0444189927486874	0.160636705804118	0.0189190894516365	0.194089374030874			-0.0875597559223596	-0.0210829163775349		-0.108302236987838	0.0486506523221468
GTEX-ZDTS		-0.0482631216863575	0.148929728594828				0.00594473402926858						0.176690622448757	-0.112794888673687		0.0928779999926367	
GTEX-ZDTT	0.0215768990926482	-0.00811623051742472	-0.0176483885568719					-0.204412243012111		-0.0142532408194112			0.107441375088462	-0.0248862427001589	0.0298530852500629		
GTEX-ZDXO		0.036777047305423		0.0510771021720897	0.199138782299424	0.0846827466804978					0.0500886718620376		-0.135015045573611	-0.28138558962746			
GTEX-ZDYS		0.0451714994141686	0.00488888171395722					0.0804313899390852		0.0558250290198063		0.0428580660117428	-0.0822271642844629	-0.132224375359716	0.172242840952388	-0.00739039687663409	
GTEX-ZE7O					-0.278281564824429		0.0127774276705794		0.0428369329639306				0.0570160439246604	-0.0689557584942948		-0.0372145732224558	0.0312552186657686
GTEX-ZEX8								-0.0559390560752424		0.1686421354272		-0.0915594427224315		-0.128675193213387			
GTEX-ZF28		-0.133585533919267		0.149014507162775	0.223782226774762		-0.437750802458732				0.29285752225877			-0.0721512718627949		0.0205358039458278	
GTEX-ZF29		0.0102591372286098					-0.0421534765291852	-0.219055005963625	-0.0672665168232879	0.143468900988614			0.0970187522351879				
GTEX-ZF2S	0.167827932053221	-0.0365411476134337	-0.0804666286127688				-0.111673410601817	0.241966551153702					-0.101842948479348	-0.127146897595856			
GTEX-ZF3C		-0.0631932894067943	0.0377275614321693					-0.014617152786511		-0.046604057639898							
GTEX-ZG7Y		0.0834477444285352					-0.101784605751777	0.209676504713712		-0.0142002494374495							
GTEX-ZGAY			0.0380356774783577					-0.185136961489745						0.0609042088847728		-0.00189395696470174	-0.0539568422923457
GTEX-ZLV1	-0.0930071471135138		0.0060119104547459				-0.281479042918231	0.02045060076636					0.0327016550058593			-0.0614672571104723	
GTEX-ZP4G	0.147150121935712	-0.0811579108154846	0.0922797411587658				0.0690161188480885		0.0259530137289465	-0.012433883623842			0.0580148482290935	-0.10294769491931			0.0323502597714991
GTEX-ZPCL							-0.379386987576645	0.0569541692999566					0.0692671259896396			0.10194970636037	
GTEX-ZPIC		0.00258730312013033	0.109716874412699				-0.591483990077153			-0.0774330196413497				-0.01834632283981			
GTEX-ZQG8							-0.264458176541122		0.0444520350502657					-0.0228762860911415		0.0446444422599404	-0.0606602203365329
GTEX-ZT9W	-0.204584929630049		0.0348269358207022				0.0549480448643009	0.0182100990492996	-0.0996459079860004	0.00168934051477955		0.0161586136509236	-0.103657524334327		0.0615150279712928	0.00108201991902981	
GTEX-ZT9X	-0.201939705356587		-0.220557590629376					0.00906951368828954					-0.018066724098896		0.165617573079349	-0.308079697187449	
GTEX-ZTPG			-0.0181683413485882					0.103704544380014		0.318112531928941				0.185755203617195		-0.0282537052402308	-0.0011235685752676
GTEX-ZTSS	-0.150828017026666						0.0532936480995643	-0.176655557168869					0.0028870338377333	-0.0665822664549993	-0.344996112472625	-0.0189613315173403	
GTEX-ZTTD							-0.197804062517117					-0.166182579962944	0.0588876682410733				
GTEX-ZUA1	-0.0663607830230054		-0.0560693957807384	-0.140474047392421	0.0791457592448951			-0.100224825810412			-0.139425788074746	0.0425524513685948	-0.153354779768971	-0.237207809724826	0.0744761647236967	-0.411448335243477	
GTEX-ZV68					-0.026876107067073	0.0553150492745047		-0.0338159680836241						-0.00332317229722168			
GTEX-ZV6S			0.0589619591008317				-0.202621726316624							0.0681451135082382		0.194303377509348	0.0212378900207158
GTEX-ZVE1													-0.129507841105958				
GTEX-ZVE2			-0.0913907023714458					0.0816516398627796					0.0325385572860665	0.109045419516736			
GTEX-ZVT2	0.723601396373919	0.0143740935508008	0.0210516401574209				-0.435071659511299	0.159189882070141		0.00531655164866607			0.00164670247420837	-0.00278203421632253			-0.0404545095064759
GTEX-ZVT3			-0.0346133836196083	0.0637668980151229	-0.15519327943862		0.0628725599639899	-0.177698379434073						0.0256955275922371		-0.166047518176125	-0.042799469575598
GTEX-ZVT4							-0.347244083792778						0.0732371108670527	-0.0858028271925826			
GTEX-ZVZP		-0.0902669883692982	-0.0134851922182918							0.0109487108465799			-0.317700831689539	-0.418791162032572	0.211291861293733	-0.280497608830281	
GTEX-ZVZQ				-0.0394454329325303	-0.236878715380475		0.0774185273589343									-0.050645653344641	
GTEX-ZWKS													-0.0569890622819965	-0.139493103757711			
GTEX-ZXES							-0.0198476635811225	-0.133144231149105						0.0623244272703446			0.0173515938769529
GTEX-ZXG5			0.00996869024924868	0.0349798337308394	0.0691075599293128				0.108795793080987				-0.0864830930857301	-0.277566331122381		-0.0882301144747423	
GTEX-ZYFD		-0.102154297444525	-0.0266380088750031				-0.289476349840656					0.0201508326643723	0.0989524790659699	0.0510905018395681		0.0133788042416851	
GTEX-ZYFG	0.00898687122684676	-0.0304787576761929					0.0255292723129209	0.0285519270935115		0.227871845419117			-0.0959157173069035	-0.110904423107419		-0.0291736313951421	
GTEX-ZYT6		0.0050616323217368	0.0175457397008077				0.116831750176046	-0.339682767583622					0.103457004694944	0.0220132517725375	0.167499918153206	-0.0246716788770408	
GTEX-ZYVF	0.222482194403021	0.0107810691411231	-0.00676758692526709					-0.0560123782589596					-0.154591980087647			0.0779458528289898	-0.0449790215324283
GTEX-ZYY3		0.0522900800027942					0.037058241042784	0.136454642475375		-0.0466107900680245	0.0401985392303376		-0.104411562842151	-0.186391605725819		0.0475492200358024	-0.0598822814982056
GTEX-ZZ64			0.0970792234218127				0.00241148801473065	0.319897168620776				0.0601306643013693	-0.0282706568721368	0.0384123660195879	-0.239712889843975	0.236572602452845	
GTEX-ZZPT								0.211165108373752						-0.193521362628302			
GTEX-ZZPU	0.335677158633221		0.115907849831665							-0.192434393161806			-0.0792347216547345			0.198504430546886	0.0237116400800873
