id	Adrenal_Gland	Artery_Aorta	Artery_Tibial	AverageContext	Brain_Hypothalamus	Brain_Nucleus_accumbens_basal_ganglia	Brain_Substantia_nigra	Colon_Sigmoid	Esophagus_Mucosa	Minor_Salivary_Gland	Pancreas	Pituitary	Prostate	Skin_Not_Sun_Exposed_Suprapubic	Skin_Sun_Exposed_Lower_leg	Testis	Thyroid	Vagina
GTEX-111FC													-0.0172212743396664	0.0565629798924399		0.0965707870264593	-0.338181624756339	
GTEX-111VG														0.205669224347893	0.215101793609842	0.209213401776012	-0.157933108431059	
GTEX-111YS	-0.493192855878657		-0.315311341750071					-0.196586154643697	-0.398600629699973		-0.253903236065277		-0.60490797784706	-0.393384542306829		-0.298552144347762	0.0638470506792678	
GTEX-1122O	0.51589052458813	0.115339347532652						-0.883051548263854	0.326127082448162		0.255111927058872				0.280890119692567		0.21539799778678	
GTEX-1128S		0.00382379531307904	-0.0717704521676582								0.0768369104454109				-0.0185407361057563		-0.422116392502231	
GTEX-113JC												-0.577155583572419			-0.567421410249703		-0.177449304151488	
GTEX-117XS		-0.248974103750851						-0.0493064672574703				-0.245216207688155			-0.311272013401976	-0.261604362164358	-0.0107924186902664	
GTEX-117YW		-0.553719570033057	-0.582957432354599						-0.761311548508884			-0.618362421866656	-0.758335822314252		-0.800990197391545	-0.598058274140586	-0.612349899963066	
GTEX-1192W												-0.927222002660322			-1.20777493721463		-1.34972475090185	
GTEX-1192X										-0.133409460912397		0.0160669931086797		0.132408439075102	-0.0422653626662621		-0.300598490797648	
GTEX-11DXX	-0.328586441487754	-0.0688891806415601	-0.188695852253877					0.234500548759554	-0.0512244611829903		-0.0292582004375897			-0.00443826582871372	-0.0618224148245146		-0.00592476359909586	0.0477824976270179
GTEX-11DXY	-0.131064978125369							-0.611214260400293	-0.426683249945414			-0.210346396096669		-0.54385918757464	-0.252151782212122	-0.237669588254966	-0.683338747172113	
GTEX-11DZ1									0.532298331237904					0.37137187215194	0.509846070381176		0.594298463615001	
GTEX-11EI6			-0.633765035966711					-0.157689438324732	-0.634997374827203			-0.44094616498821		-0.685859575418228	-0.681445117709237	-0.526397922390567	-0.473142944304414	
GTEX-11EM3	-0.361516209461768	-0.00966970200500606	-0.0395674786575211					0.359240721424428	-0.0786914238951275					0.0531880989656881	-0.0249895673178337		-0.0441140190129055	0.158083751226528
GTEX-11EMC	-0.749256057915409	-0.829454319541953	-1.08952599204803					-0.879190323710074	-1.18022042124244	-1.34613034322142		-1.0325987773474			-1.20659044672675		-0.997704315939974	-0.845075295238346
GTEX-11EQ8			1.74361273815504											1.92168058170233		1.55024799580807	1.4626832634761	
GTEX-11EQ9	-0.422488264766893		-0.440546453689086					-0.284629110929521	-0.318795719672087	-0.578701082746985	-0.42644349008215		-0.436229572441193	-0.536252203533107	-0.598462022012881	-0.455340329005488	-0.576858075679442	
GTEX-11GS4		-0.414520875787132	-0.167262276968					-0.341922214537103				-0.323733123944953		-0.682044587171482	-0.503273366350306	-0.416552962366924	0.0383217188144978	
GTEX-11GSO												-0.0767982470473988			-0.139713785373597		0.181337937366669	
GTEX-11GSP	-0.977818947129615	-0.874704623658988	-1.12509783318396						-1.17976548990686		-1.01112543331315	-0.954940753703421		-1.26041523037883	-1.27979507237348			-1.03075485102008
GTEX-11I78	0.343983087033373	0.0490940602144785	0.131605648330813					0.267801475703958	0.16996582378743		0.0520425397057373						0.106547254100831	0.190855990922361
GTEX-11LCK		0.062873085921423	0.0150665291582586						0.204890099041548		0.0958202962871833			-0.0351990884973462	0.0847454271284889	0.143795485831266	0.0306982398685651	
GTEX-11NUK		0.276758605108168	0.325711885736576						0.320397379629877			0.411295772837625		0.32823191454969	0.430934650453612	0.37826155312629	0.331058106559766	
GTEX-11P81		-0.0102843610454091	0.0331325397243947					0.390381899680476	0.0668547389324737	0.0145693222277205				0.036057920954373	0.0764471109015338		-0.103277589984203	0.420588978280261
GTEX-11P82		-0.78991224618373							-1.06450096477016	-1.15120928715295			-0.896053424259624	-1.06893716823247	-1.17287043211377	-0.924249763276775	-1.25894243680205	
GTEX-11TTK															-0.256603812454834		0.350231748026725	-0.29156983457108
GTEX-11TUW		0.537898880659985	0.563890060729811					0.142148003700001	0.96094137034205	0.819388621428726		0.745268729636596	0.858501397926739	0.968145281459953	0.865260659189904	0.738882463241474	0.3953857176364	
GTEX-11UD2		-0.104671194815323	-0.314189162201722											0.0195361932761066	-0.126798472994525		0.0393601859946113	
GTEX-11VI4			0.685778446140369					-0.250900377825961	0.663576007679714		0.548556757748783			0.553537390798446	0.665820892199561		0.636969058634049	0.505656192206671
GTEX-11WQK		-0.262170693994935			-0.164377562069069			-0.097232762169866		-0.363960006239797		-0.420731754558436	-0.375616365650408	-0.376394424077844	-0.339072341804039			
GTEX-11XUK	-1.29484482055041		-1.40768776956638						-1.3158016064442		-1.11248647847319				-1.37514130988083		-1.58307345948501	-0.901806388275597
GTEX-11ZTS		-0.377041782317093	-0.506073558271264		-0.677953126761293		-0.355848664213439	-1.46026900518326	-0.426042585742861	-0.522323152514481		-0.565044567939969			-0.510023213938991		-0.349040779925695	
GTEX-11ZTT								-0.0704812050336421		0.766625166296012				0.87289936148929	0.820722113081045		0.417433352236643	
GTEX-11ZUS			-0.314492522257226		-0.473336695316693							-0.408484512863911	-0.597633204901159	-0.488777021053703		-0.339188245485971		
GTEX-11ZVC		0.38031964082047	0.41562519479874									0.523778776406325			0.600633419986783		0.578975088778628	
GTEX-1211K	0.326513576132278	0.0308249342255373	0.118524219801366					0.110498550980174	0.188808745636496		0.112196395903811			-0.164002656954505	0.0995548786738538		0.100992256738762	
GTEX-1212Z		0.257763984714099	0.611640167162268					-0.520299256280898	0.489309506779924			0.343581321220571		0.281318770732072	0.445733954194534	0.337040370434085	0.338403245435774	
GTEX-12584			-0.0125944913462381			-0.224631865284503						-0.211589804858516		-0.386893666044226	-0.167341278858782		-0.679459949253511	
GTEX-12BJ1	-0.397969623487645		-0.727997387965567					-0.175012500269938	-0.937894276998361	-0.673139407379406	-0.663105527846817		-0.7043471099886	-0.882679822386138		-0.704551358318882	-0.310232441479654	
GTEX-12C56		-0.788220368898324	-0.774804545631605						-0.939211658357276				-0.879745853246593	-1.36786722126457	-1.10026682288051	-0.88219923750608		
GTEX-12KS4		0.0856959520280549						0.369886942356745	0.0566057151699169					0.143307366829906	0.178549381312517			
GTEX-12WSA					0.814313499791744		0.530579345698834		0.428120872575009					0.451700523391831	0.609548249571002			
GTEX-12WSE						-0.752077941125633						-0.625295438909467			-0.69533644148566		-0.817368982262063	
GTEX-12WSF						1.16637474230613	1.18435227783735					1.0741627334666		1.31676180672418				
GTEX-12WSG	-0.708301302632017							-0.464044053177966	-0.78293826712303		-0.69412121417841				-0.85192277486759		-0.614920526988371	
GTEX-12WSH			-0.0147352342836355			-0.0290742801296926	-0.100837692225908					0.0493433111196436		-0.150657750347073		0.0148391616656152	-0.0749969633887125	
GTEX-12WSJ	0.404051628085861							1.16207314577085						0.747232272826283	0.703665934473165		0.575320061538376	0.337727102296804
GTEX-12WSK	0.147041956307437	0.0446214001544435	0.193874899637573						0.0595298624115441		0.187363973572017			-0.0292668628419011	0.0874258157104251		0.553536980668076	
GTEX-12WSL	0.588971112132746		0.815504839829753					0.762535801230714	0.637196361742357	0.803712475660524	0.739227631273949			0.902710970143255	0.920968545542619	0.72584534467371	0.706167562763027	
GTEX-12WSM			-0.571934392970284		-0.662396123704184	-0.329415117428909		-0.062649141072522		-0.0394292673375875		-0.209517706298016		-0.227179108615995		-0.242101283155968		
GTEX-12WSN	0.488346163983822	-0.0888829566926773	0.13843018777821							-0.105332767240287	0.0493554490431575			-0.161288391615156	-0.0328737000266471		-0.0443754020817256	
GTEX-12ZZW			-0.672050010216549			-0.686498390168189		-0.408377591505632	-0.7036562965305			-0.556344673892671						
GTEX-12ZZY		0.0924779751748017	0.16225502859877			0.136851047843307		0.406323328377638	0.350926598734764			0.192925916445242		0.0091537630847022	0.187681870333559	0.14811981308183	0.00593505785184192	
GTEX-12ZZZ	0.19449980531055					0.000614927904328046							0.0318319647262923	-0.160028992491736	0.0548830012552839		0.409664237406103	
GTEX-13111	-0.0819294301533715	-0.180470942416754	-0.347025063239877					0.122854417991347	0.0136737063878046	-0.181229697634509			-0.409655605231538		-0.248230795324981	-0.1328260722021	-0.0931099136541312	
GTEX-13112					-1.82348854219291	-1.75936346333785						-1.59010118116499		-2.03625771123379	-1.81440048862915	-1.50455553620249	-1.1011416574792	
GTEX-1313W		-0.412100305578319			-0.497819383969038	-0.570573745077789	-0.683533177310866					-0.442611641981951		-0.41822131118709	-0.563628024971851		-0.765633552245715	
GTEX-1314G			-0.718059153306189							-0.641668758947769				-0.798535428671005	-0.804401148612816			
GTEX-131XG	-0.0975321467972297		-0.194766121003376					0.571588836426471	0.116334417430915		0.101967894240111			0.258862805537722	0.0737528244049747		-0.267908490350567	-0.238132201974007
GTEX-131XW		0.366899175854462	0.55357410090518		0.465215694685557	0.552619676126368						0.580223416790666		0.652113607456074	0.577087349691766			
GTEX-131YS	-0.236709056331143	-0.399453342564292	-0.52343446276003					-0.171147663530966	-0.600473435787329			-0.447215331690597		-0.501299582974553	-0.556223588459507		-0.13947471034983	-0.471442170146247
GTEX-132NY	-0.0848054908146738		-0.174006383261595					-0.539732457354934					-0.0193071141420317		-0.116476612540355		-0.38641159617405	
GTEX-132Q8			-0.927033658957816		-0.964230340426335	-0.989948501654612	-0.561038330977935		-1.00292532331022									
GTEX-133LE		0.0317083248956485	0.0282520538772033						0.188351918171078					-0.00928995963448325	0.0874920075414674		0.0633294065572805	
GTEX-139D8		0.20311593467053						-0.859651701796757						0.319023755109548	0.348501921491221			
GTEX-139TT			0.222671971041421			0.0098073725630565						-0.0145346766521776		-0.161955728642232	0.0629213450831945	0.0352149840877494		
GTEX-139UW		-0.471209001412146	-0.685080225679535					-0.364508216373628	-0.638950981929603					-0.763792237092562	-0.708378558639867		-0.612360969495817	
GTEX-139YR	0.43659166196858	0.187276721083268	0.31281141277673						0.40645666155524		0.269897949904565			0.0139074282205728			0.644031324399231	
GTEX-13CF2					0.105681545785948		-0.0449267812401825	0.270581869037623		0.215198801705288		0.0926713716683008			0.070946390819385			
GTEX-13CF3	0.202897485567132	-0.125359979091229	-0.190634587798516					0.18546960696562	-0.12220618831954		-0.142913857044219				-0.103389031649281		0.175809690881142	
GTEX-13D11	0.301801142226086	0.0313719286296766	0.0193593931807807					0.284014822867293	0.096960514285338		0.0746822385959012			-0.107608665091054	0.111758547256008		0.41267284549387	-1.07278507311981
GTEX-13FH7	-0.0162429245456468	0.0316246418814739	-0.0963308894732569					0.272751739311204	-0.0743074314268334		0.0684740035130052			-0.0201144591753758	0.0359251708832194		-0.228174524133377	
GTEX-13FHO		0.174513338444326				0.241559458452187		0.42190736218746	0.272649392845453			0.289981927930398	0.333928056449629	0.223032972740037	0.325946311968654		0.279308946094497	
GTEX-13FLV		-0.16975599915829			-0.35258664264732	-0.216401130142184			-0.152443287929083		-0.0168547694292651			-0.317667656341956			-0.541633488121554	
GTEX-13FTW	-0.318169410875249		-0.0848353545734712					-0.0667649658311247	-0.154609022657476		-0.08680808138166		-0.124285566958213	-0.248040840609531	-0.160475912674571	-0.0787845635200563	-0.0932857512186965	
GTEX-13FTY			-0.239627789439079									-0.00307960124930029		-0.0644095497278857	-0.0844916801577867		-0.0431756921912612	
GTEX-13G51			0.357927992678726		0.699357671188361	0.707226460227661	0.698084530916737	0.980148089717291	0.819938179302182	0.688431096126205		0.699465939294772	0.531189002514709	0.898930196849243	0.751016859792939		0.486506428831836	
GTEX-13IVO					-0.865232088894817	-1.02556880378489						-0.888853281278037		-1.1050717139958	-1.08825643417759		-0.368390931652359	
GTEX-13JVG			0.353808059644613		0.65631962400387	0.386699512527809				0.436953091440875		0.415232035439314		0.395253307865306			0.350413450338289	
GTEX-13N2G		-0.180405826903082				-0.229805140822043	-0.241645591342932	0.137056331911776				-0.273033411764203	0.214655850804119	-0.200381596568906	-0.204319149426378	-0.172229675154234	0.374517548170821	
GTEX-13NYC			0.251808327844133											0.464749735290325	0.415766502446786		0.103297182406422	
GTEX-13NYS			-0.0834581224313068		0.262707767494364	0.0889729478795436	0.100511013790218					0.161833157710973	0.134017720599717	0.0453136091692736	0.0474906315450716			
GTEX-13NZ8			-0.436555563719322		-0.368203484027734									-0.314401324897423	-0.29970314992034		-0.290535147279101	
GTEX-13NZA					0.126244769846874							-0.0366927635816401			-0.0637099585135934	-0.0517828400112565	-0.18523568998643	
GTEX-13NZB			0.69716478261361						0.755561610130707						0.707354838802158	0.63453709268704		
GTEX-13O1R		0.477724320891363						0.627712002373255	0.851284612768478		0.541590212903756	0.702401577564795			0.709345127025753	0.585138249156974	0.505000182219464	
GTEX-13O21	-0.323051017444167	-0.183972534579554	-0.316932603216579						-0.330602727642482	-0.422655224601696			-0.0527697171990821		-0.247327579076079	-0.179934504683923	-0.13568196916534	
GTEX-13O3O	0.488910411618475	0.43158406441807	0.543471988644237		0.585784561245088	0.604889016429759	0.549307594671506							0.45329380753486	0.696885700039316		0.95184546799506	
GTEX-13O3P		-0.0585920158450308	-0.112108109387195												-0.0680177067955238		0.0141198359811	
GTEX-13O3Q			-0.21100377745671		-0.511247694292271	-0.134581142392018	-0.232937793216515		-0.0911164168859029					-0.184329785057306	-0.124529975686889		-0.109537500024695	
GTEX-13OVG		0.00840958107298702	-0.0323333734729418						0.127694111319237					-0.0846286093049126	0.0335687259310316		0.0615561554241469	
GTEX-13OVH			-0.10195946120313		-0.256111287801679	-0.34342117956583						-0.257692985342458		-0.522825975275498	-0.326217017641154	-0.294949836125972		
GTEX-13OVJ					-1.01128156424884	-0.960064425510268	-0.959550196683469	-0.558057995557829	-0.952455753576344			-0.827883909775354		-1.21949154128759	-1.01084796586872		-0.459461676439607	
GTEX-13OVK			0.319538992052668					-0.797712468278202	0.49781980236051	0.389152780008157				0.218252980510814	0.343338288882358	0.277793319037598	0.225659196211699	
GTEX-13OVL			0.264507852939453		0.524085537023968	0.156322139412942				0.294538804927207		0.15888482114871		0.125783031611363	0.168759745793071	0.153772169823166		
GTEX-13OW5		0.0465095551961994			0.195144259795513	0.129564677890899		0.555552270116583				0.173943841454989		0.246970649775584	0.104034081363182	0.141709908798405	-0.218472478668077	
GTEX-13OW6	-0.0460180958550429	-0.0436535790256494	-0.0469731376873144		0.252016918832672	-0.0371204696083638	-0.066522272747898	0.197615953188279				0.0146874062304498		0.0253783039281073	-0.02544353450892	-0.00395320373732883	0.0207469547347637	
GTEX-13OW7	-0.687700691832842		-0.494544635732538		-0.417610939362812							-0.524261068438616		-0.636487633553415	-0.630364103407965		-0.749534335823128	
GTEX-13OW8		0.292929851775346	0.488196353683791		0.617163902927197	0.412570401627079	0.742870586123544	-0.204941410917632	0.572804500515728			0.445709591164738	0.565079802589908	0.472411906130897	0.491757213336063	0.399236056032499	0.538333345818712	
GTEX-13PL6			-0.17377124184574			-0.109006837266005								-0.130306306417991			-0.268516174576517	
GTEX-13PL7	-0.163920993241032		-0.492889346276694					0.0889492974001015	-0.446369245201776		-0.295877152646726							-0.225512169904612
GTEX-13PVQ		0.221222359959742	0.145709784681922					0.486186871763769	0.301049844852872					0.127159055317647	0.352353383831601		0.0971206835457427	
GTEX-13PVR	0.100200257539024	0.0914347736043077	0.0575586173037114					0.36694653168546	-0.0691937353419846		0.169003463059712			-0.00040416764322225	0.197312236246001		0.149673716474391	0.167917822171611
GTEX-13QBU	0.996067063812412	1.07347178461446	1.4578248392149					1.32262788858348	2.14712333486918	1.47329508854254				1.35539817174779			1.14222907737668	1.05085938082659
GTEX-13QIC			-0.354702566860813		-0.376806773601755													-0.264198395316784
GTEX-13QJ3			-0.0497870054834168						-0.187101787745241						-0.216456106869963	-0.13445865015779	-0.327119462515016	
GTEX-13QJC			0.260452186028637		-0.084987975548266	0.139959646871391	0.283795135847379			0.0952951558483475		0.233788873421378		0.052749556182895			0.512912913623803	
GTEX-13RTJ			0.72246116577697		0.416415560516854	0.490460432449675	0.472279877650102	-0.146022832287376				0.543156357549645	0.460228313882598	0.479978751827277	0.608893187771399		0.408886786357123	
GTEX-13RTK		0.558790819331869	0.898870212125737						0.716391223714896						0.870162720928437		1.01344739694223	
GTEX-13S86			-0.150698925457861						-0.123721147426261								-0.140584333421145	
GTEX-13SLW					-0.518620204493966	-0.175577742283145	-0.292383425621189	0.163985764594803				0.0976913901522797		-0.285766510372904	-0.118604981336442			
GTEX-13U4I		-0.110494285995625	-0.277577478807188					0.108054522084457	-0.0595359145893902		-0.106806956489213			0.0881718657646926	-0.155591209736059		-0.456745873735014	-0.0882487452965172
GTEX-13VXU			0.389164492536054			0.488339669627993						0.491823760191174		0.631931156291182	0.552031919498198	0.458369969328477	0.215200625345868	
GTEX-13W3W	0.232959323957211	0.245253036291362	0.385565614935584						0.625262633844055		0.334812952802955			0.480472925534885	0.382661382586094			0.0157542311284035
GTEX-13W46		-0.298306910177606	-0.464003479677203						-0.392345487058494						-0.417006118154581		-0.628319520120533	
GTEX-13X6H			0.205746770981316						0.238632751498974		-0.1066286820788			-0.239176716388269	-0.0503406714221038		-0.579887919970609	
GTEX-13X6I		-0.0438530561737636			0.129225859298541		-0.205602314495733	-1.60432731586121	0.100034282960021					-0.0706022582725548	0.00701557519043565			
GTEX-13X6J					1.32326541394332	1.04799352702464		0.222770736393927				0.977746256624419		1.10732224865437	1.14896333928295		0.968701478939568	
GTEX-13X6K		-0.147937321363106	-0.251436723325831		-0.115347391352324	-0.188066993701	-0.204154773504855	0.0346759754832216	-0.0379225996349639			-0.0456920038197527		-0.107361945197183				
GTEX-145MF			0.717401594884193						0.901634234636843			0.822308849360757		0.832800992948395	0.872127151159652	0.766314882458962		
GTEX-145MH		-0.106559922115535	-0.217546214306036		-0.565677127583302	-0.154803376857991		0.0869971380246123				-0.0417776403091371		-0.149420545783132		-0.115826865975448	-0.0347062841814633	
GTEX-145MI						-0.671782132389102								-0.540173203402968	-0.668820860418034		-0.277372274422728	
GTEX-145MO		-0.317810223516155	-0.276365713723933					-0.184449003043603	-0.383735775929392		-0.272361042895738	-0.266096963859573		-0.457355488386797	-0.408651611057651	-0.346150936664343		
GTEX-146FH		0.035885379322377	0.0381809944432936					0.426379379196792	0.028840610035471						0.122555551899177			0.207283774488881
GTEX-146FQ		0.239423914703085	0.327244000395216						0.50306610361554		0.322057988549101		0.470940565077712	0.332646599584113	0.425435329235994		0.726299829389368	
GTEX-146FR	-0.148391040702433	-0.164391452400982	-0.20735982116473						-0.28780950408496	-0.0951557175715221	0.00581844075226447				-0.207825005170596		0.393209441240667	-0.227239766482807
GTEX-14753	0.317827297508292		0.0440619249908717									0.105185478627952		0.211044976590298	0.180909804734453	0.124324011632488	0.417217060436531	
GTEX-1477Z					0.497960497428144			0.520933882222381				0.351786657452935	0.247079464066442	0.277460855823457			0.322670919948152	
GTEX-147F4	-0.576430592341556	-0.375931093125561	-0.675574551714781		-0.613500960443934							-0.365042004311454		-0.657157973251024	-0.560737744253958	-0.425327235423823	-0.672675175849361	
GTEX-147GR						-0.540086972286646	-0.539214065870983	-0.339329360995369				-0.431034946535565		-0.620444073561475	-0.515991863674118	-0.395664403160262	-0.429363203805648	
GTEX-147JS			-0.0516389828354544					0.438663257149252					0.00593391490272206	0.0711994506004485		0.117948639804527		
GTEX-148VI									-0.559149772820124		-0.519902496640863				-0.767758046176377		-1.0088972346877	
GTEX-148VJ			-0.125653569278421					0.251911070713163	0.303239529731069			0.168557333413478	0.387701783405044	0.0814251286067415	0.152073102241147	0.146837420145532	0.180750334074698	
GTEX-14A5H			0.724922255242746					0.720940602468516				0.640141243089903		0.531387204936483	0.794894937562754	0.637085783521713	0.65772930801221	
GTEX-14A5I	0.310859569314338	0.223093616085724						0.642375286197536				0.352178771961451			0.316808194038879			0.218602428526575
GTEX-14A6H			0.982894809300123						0.973756754070217					0.948843886959503	1.05171972348946	0.837405669061038	0.875391319751202	
GTEX-14ABY						-0.232452021125943						-0.165549853947569	-0.0750235404055899	-0.0430504745650068	-0.267434789869871	-0.171444369638036	0.199926889136867	
GTEX-14B4R		-0.409027953676956	-0.28474966248388						-0.507959255203834	-0.638575312186924				-0.53207094980728		-0.483649217280671	-0.166801417525982	
GTEX-14BIL					-0.000690945584190589							-0.113983241087305	-0.0125019300559269		-0.0930417052919058	-0.0921728762470367		
GTEX-14BIM		-0.4362913571186				-0.640667085781648	-0.709374821935444		-0.545782754995582			-0.59729852339943			-0.647480427813775			
GTEX-14BIN			-0.134611216133275			-0.148511344663641	-0.106441069946325	0.164082501214232	-0.098900698399452			-0.0777857580178989		-0.128097644581926	-0.158129540952306		-0.0806196375157313	
GTEX-14BMU	-0.251116817088733	0.0884122816697164	0.410302600744274					0.504724594405802	0.17919626612191		0.099005217989409			-0.000955115871253435	0.203407335467201		-0.320973332543634	0.148751782654269
GTEX-14BMV		0.331335114106089	0.72231602080243			0.48955491999664						0.436565529990363	0.579575702377365	0.321043748453482	0.566760907405377		1.06145565563843	
GTEX-14C38	-0.784571938638695								-0.595360179289804					-0.47298181471046		-0.364942387295001	-0.823850633154763	
GTEX-14C39	-0.345169153676887	-0.459730236011656	-0.368855041630533			-0.628951517849563		-0.377090082884221			-0.541600196745853	-0.517488551282441		-0.778950661746127		-0.533530197996225	-0.035460979522149	
GTEX-14C5O		0.343513712712909	0.464045127722294		0.67029719441234	0.470532664466434	0.512755980450996	0.761671043532741	0.634228426038918			0.519541653598371	0.463071074793995	0.579671030348811	0.549454736576253	0.424568063828939	0.353570427095927	
GTEX-14DAQ	-0.932743747434067	-0.774964441186793	-0.974439308273625					-0.570827788401212	-1.13757470648907			-0.939252613601716		-1.05778801905972	-1.1115643513784		-0.924327115585257	-0.616250053680612
GTEX-14DAR	-0.161893763930292		-0.112397390943332						0.0365715600555356		0.0389977792716274		0.19754145182922	-0.0265579357526394	-0.0428106983272117	0.0319574484531039		
GTEX-14E6C		0.494081594191165	0.507052509593384					0.746410307804772				0.692527476181038		0.727305075653705	0.767564230659986		0.915374677128238	
GTEX-14E6E	-0.160049650768824		-0.372287648369876					-0.0759993358014027	-0.433610802247552		-0.19259167988829		-0.0586844912450871	-0.486726122362074	-0.305275592567961	-0.228994795884779	-0.111745261783201	
GTEX-14E7W		0.377320855716537	0.525456456905072			0.554040851312875						0.545989935736051			0.583442910352695	0.499897340347845	0.52856186532354	
GTEX-14H4A	0.279854397406077								0.420680439331192									0.229359071992278
GTEX-14ICK									-0.333059743453743				-0.0568278676471831		-0.339220462456745		-0.269635923551123	
GTEX-14ICL		-0.0637092358974065	-0.140771210906467						-0.192335348504299		0.0349288161745471			-0.276220556674639			-0.394194343620783	
GTEX-14JG1			0.678619726079758			0.831666070737349	0.822774411205461					0.817207687587777		0.742043691312021	0.852184861910047			
GTEX-14JG6	0.129845773034529		-0.285782084296939					-0.03078933448901	-0.229113896121263		-0.178769339215908				-0.235379327924566			-0.385690948898662
GTEX-14JIY					0.10719826629492	0.192059400511584			0.492924920941919	0.20644474853962							-0.1574801156121	
GTEX-14LLW												-0.347259922518622		-0.414569352693517	-0.477199671591865			
GTEX-14LZ3					-0.510844687136859	-0.403998243284208						-0.307932843330534		-0.474196394414293	-0.407718093579502			
GTEX-14PHX								-1.52789693456834			-0.834324891818396			-1.17471451555245	-1.24094029505698	-1.01063620691599		
GTEX-14PII			-0.820422449056495											-0.36402200524901	-0.555774296898921		-0.703305085502243	
GTEX-14PJ2		-0.157634060474602									-0.153577681441367		-0.481975596125914	-0.1910337190506		-0.160802082703963		
GTEX-14PJ4	-0.528866669916547	-0.23721743498516						0.347461468428768	-0.246314083746575		-0.256748282115968		-0.396880390902961	-0.104586146993181		-0.194432472826294	-0.57160388676537	
GTEX-14PJ5			0.0387119587234472						0.415532664446071					0.205197454497899				
GTEX-14PJ6	0.181779158357599	0.273147014744049							0.648838596538585		0.366651337826064			0.301747451816056	0.468193834307398		0.241227072718251	0.59496832922344
GTEX-14PJM		-0.201204488480796	-0.475140385035013		-0.262448930430959	-0.260425011535206			-0.164512205547414		-0.0712351750697558	-0.187454179187758			-0.272491618314689		0.213849699686109	-0.090940598534321
GTEX-14PJN			0.493010513155066						0.610992426005991	0.518086530756572	0.51480534937919			0.696766181401467		0.500188004857111		
GTEX-14PJO					-0.173795492598699		-0.186164057929364				-0.155691928289762		-0.213080412111765	-0.44554116497513			-0.162104759990363	
GTEX-14PK6	-0.671513591781539	-0.313679743083072	-0.348947164805559					0.113371469052588	-0.484791401039332		-0.229324025573901			-0.500016785784752	-0.46958218590412		-0.309650800999546	
GTEX-14PKU			-0.600816841183527								-0.315454322386191			-0.770366349596643			-0.178075426285251	-0.255556927941961
GTEX-14PKV	-0.431347709787498							0.0413964098156746	-0.248749276224668		-0.129639808488788			-0.262081346702205			-0.586262654643682	
GTEX-14PN3	0.198490902256808							0.851706301044233			0.439598421200047				0.549024768302657		0.258583322700048	0.776144292990009
GTEX-14PN4			-0.886004734616546		-0.869038657623267	-0.818292398129042	-0.82546330398736			-0.893266200858571	-0.67807184184881	-0.721784657717839			-0.867708011441476		-0.634076650419284	
GTEX-14PQA					1.26202531723452	0.932925835980973						0.885186514294026					1.04269638936091	
GTEX-14XAO	-0.917037887789482													-1.03672410413571	-1.069682272432		-0.943363567534888	
GTEX-15CHC		0.459004679697773								0.627825246274253				0.562667283573298	0.756100230403871		0.347982292585521	
GTEX-15CHQ			-0.0114716211723681		0.168268322871723	0.0718760930007328	-0.0372640713195728	0.401335357577243				0.0786475754264852		0.0780491121666085			0.0598497302443667	
GTEX-15CHR	-0.441718400566498												-0.275599047818448	-0.298052866306753			-0.204415216268883	
GTEX-15D1Q			0.680239427098151											0.482459459684273	0.639243213912611		0.650505638912201	
GTEX-15DCD					-0.286827952457591	-0.400207590722245	-0.297122694019742		-0.342828094863644			-0.304763698044444			-0.344428899217943			
GTEX-15DYW	-0.419712006894008	-0.148042448240391				-0.163035150481049	-0.0934345017983784	0.399879944152151	-0.114838502589048		-0.0426190269825592			-0.198021359508322	-0.178736207889141			-0.0810845985672575
GTEX-15DZA		-0.298892512729857	-0.385017440185507					0.0310474171607407									-0.240514736569676	
GTEX-15EO6						0.420067917751498	0.423160955104302	0.756759959820474				0.487816984209735		0.335276112337042			0.726023624601342	
GTEX-15EOM			-0.00699549988478884						-0.211693250705139						-0.170174972612096			
GTEX-15ER7	-0.102622873574599	0.141283522668668			-0.0504165618712114	0.19551424970259	0.038237844639134	0.467643461358041	0.235252793038469		0.15818082104432	0.189443386231487		0.265906912633188	0.190633470670624		0.159440631415128	0.1765632201758
GTEX-15ETS		-0.112822181476256	-0.226365404071287					-0.89617974606224	0.0457819017546358						-0.0671860881677426		-0.415934513029466	
GTEX-15EU6	0.589583105041411		0.709455201467689						0.933965128364647	0.78396006236658	0.76879066317705			0.873941735653985	0.860376818574028		0.887041353369519	
GTEX-15G19		0.611426778700753			1.1011169172615	0.860966477389383		0.0858271637902636				0.832530595193334		1.00449311836757	0.924634405782158	0.751004726653873	0.478296064434217	
GTEX-15G1A			0.177446314023207											0.197413674359095			-0.194748548680364	
GTEX-15RIE								0.161912795365516	-0.287705343432913					-0.359935102664891		-0.283623557546923	-0.330056050587998	
GTEX-15RIF		-0.137807397994164						0.162366661523697	-0.147344306914232		-0.147220436176186		0.0723460143069708		-0.20401768585018	-0.111642470190741		
GTEX-15RJE		-0.332305402018662	-0.310545580428524			-0.467473995320122	-0.558485312263401	-0.00166236081020242	-0.538956817639881	-0.702852740913013				-0.624548237590484			-0.0663011320698158	
GTEX-15SB6									0.436872366650197						0.297376299299379		0.505815137026978	0.334492322983566
GTEX-15SHU	0.146737770391119	0.407192525129566							0.605230324065736						0.556559047992449		0.316094776371612	0.488696681970403
GTEX-15SHV		-0.667308551151657								-0.88950744228092	-0.732854550590062				-0.990262463874651	-0.769882949606321	-1.10108620671943	
GTEX-15SKB			0.569796053868589											0.362087067077915		0.467995058217039		
GTEX-15UF6		0.504383146842108	0.534345918887992					0.74504804813139	0.763666216146641		0.68562261932954	0.707864360510032		0.679258450507472	0.718856098433181		0.317714567938897	0.475626557729009
GTEX-15UF7			-0.139967393882584					-0.0807631273884832	-0.294281478472104		-0.248700963551516							
GTEX-16BQI								0.131659082915698	-0.169660604116335					-0.171996452764185	-0.128541634733217		-0.318777477460622	
GTEX-16GPK			0.158700450345148		0.247420094688248							0.122703079910821	0.199161235821977	0.3464825786399	0.228897241883099		-0.0250313238175869	
GTEX-16MT8	0.493289473380952		0.472924357863234						0.496900688502238		0.312030935718853			0.298428053923073	0.407092990113701		0.54294647929457	
GTEX-16MTA			0.240936240992293					0.442255653229714	0.270587892078658				0.231392555577175	0.260907753704345		0.217141232971156	0.657279491004878	
GTEX-16NPV			-0.302237878888782		-0.269324580449169													0.0816624340820524
GTEX-16NPX									0.176387385664241					0.197789395325117	0.135289734924201		-0.114296582705886	
GTEX-16XZZ		-0.187694645792536	-0.17938324521145		-0.400024196515407	-0.246441702079906		0.0223089970560847				-0.163944717218318	-0.0410061874832412	-0.152949560451814	-0.273230063338114	-0.173679590346562	-0.274309983992747	
GTEX-16YQH			0.212543253563201		0.153517393271274	0.129697043373396						0.204539077368122	0.26071692751522	0.231658866937665	0.154094251777506	0.146331399734351	0.141395646642815	
GTEX-16Z82					0.000701208438819556	-0.26869613493678	-0.0466639959363997	-0.0780312953004119	-0.181692890796046			-0.270517189309974		-0.363846605641427		-0.194865521222903	-0.233244913758873	
GTEX-178AV			-0.203502392401771						0.100778811203177	-0.218412047009725	-0.0252009851571369		0.110396440855362	-0.252263757755788			-0.643289295148148	
GTEX-17EVP		0.147180071135328	0.147743594117712		-0.368377266496043	0.213115501477916	0.111221019652182					0.312040252167976		0.194638921005205	0.18893603901203		0.0861502644639931	
GTEX-17EVQ		0.37966684846701	0.424993528504198		0.682850063701309	0.559276985621161			0.177795723095666			0.526047249897216		0.752434390410107	0.647203205212589		0.951510706265902	
GTEX-17F96		0.251002912920736						0.536720633223261	0.447824554208857					0.303739758103431	0.404228959569363		0.242321289366045	
GTEX-17F97			-0.239439643790904		0.262240260831897	0.15976499594698								0.181455621543632	0.166120819425915	0.185402395074486	-0.087484265030593	
GTEX-17F98		-0.148212322070414	-0.166229675503528						-0.278424111061996		-0.225889698952935			-0.344135848650057	-0.153549673957319			
GTEX-17F9Y			-0.363871665070759					0.409391559870069						-0.0314417294686579			-0.333446685812638	-0.408443183514731
GTEX-17GQL		-0.332478172723304	-0.380939620276037					-0.21397699660965							-0.479576540489518	-0.27787071874168		
GTEX-17HGU	0.882257643527127		0.812971631098303					-0.0574636131170652	0.708641359497687		0.660714437493714			0.666773387868342	0.767276012866286	0.597857531706201	0.714249841759288	
GTEX-17HHY	0.512245137452492		0.565558325267552			0.686793882172177						0.719893498952594	0.684659825223517	0.72934598754427	0.710020796165036	0.620790626662454	0.538740156895661	
GTEX-17HII		0.197603341126165	0.0388948233646035		0.200156382501514							0.234517290823669	0.200242924110341	0.311539715403224	0.301459073596994	0.284234634693396	0.114647350078703	
GTEX-17JCI						0.808742750269013		0.00983340964216817	0.96197490401675					0.853986273324238	0.896460695248163		0.920106576708769	0.526232419430742
GTEX-17KNJ	-0.0185498656841158	-0.224878414003995	-0.219444296750366					0.00508611675057595	-0.263824347956284	-0.533051859461041	-0.252909012146802			-0.273374499579383	-0.322978633937807	-0.261858092513688	-0.244844512232935	
GTEX-17MF6		-0.285898737746886	-0.312353074946742			-0.41282797091637					-0.336699003550545			-0.543467224613159	-0.377737114284158	-0.332991845999154	0.0353093091559317	
GTEX-17MFQ			0.386798808671954					-0.758264711035464	0.426534789517381	0.203316303639764			0.184044487938178	0.271657508293145	0.315441085984412	0.251293759412807		
GTEX-183FY			-0.576308884766146					-0.384072726203446	-0.774135247578765					-0.86790055278712	-0.794977073702603	-0.635333175123732	-0.119778479011737	
GTEX-183WM					0.392725708979261	0.166268210791727		0.43247810215303	0.258633254140493					0.16490320539049	0.209488327903279		0.479323625086551	0.113105233499163
GTEX-18A7A	-0.224110821547395	0.0364956385265885	0.108613118290046						0.10389804926527		0.0695060798278964			0.0691347678834649	0.0599440395704395		0.065421268254351	-0.598320970704176
GTEX-1A32A			-0.104576528756015					0.0524722626976144	0.0200872653640916			-0.0774339372974189		-0.0746738728051636	-0.00813971616834112			
GTEX-1A3MV	0.287804142130242	-0.189148396291422	-0.114023639485025					-0.0164826080441526	-0.207030476319379	-0.380885468770141			-0.209009355304656	-0.310205178921395	-0.255832411863427	-0.227102472896209	0.276613009855857	
GTEX-1A3MW	0.204864821932963		0.0667105941592602								-0.0636838014441187	-0.155995727290372		-0.216593409853929	-0.17342773333375			
GTEX-1A3MX			-0.492107494824443				-0.419252764208379	-0.191767486179681				-0.477532604426506			-0.603212689674037	-0.502643176507467		
GTEX-1A8FM												-1.94504280911393					-2.30852607277961	-1.38816874769553
GTEX-1A8G6			-0.905671586986213									-0.49939647478362		-0.553887793178277			-0.916993234018592	
GTEX-1A8G7			0.19192045971791				0.0671606196515366					-0.00289100766390271		0.0194134169262813			0.154619927486095	
GTEX-1AMEY		0.073162433095198							0.198169211564512	0.443170163483501				0.0924862017914107	0.137932208917048		0.127528721205721	
GTEX-1AMFI	-0.265479164892394	-1.00805595027808	-1.37669970144899					-0.859191486111403	-1.38981215565279		-1.07545998366316			-1.55879022195368	-1.4323054796276		-0.770052186521721	-0.904930624469551
GTEX-1AX8Z	0.097519476108703	0.0596854392998708	0.0674751607566688							0.310833852492599	0.165786704121795		0.321720596206777	-0.00374873898833515	0.133279766704912	0.108826072107848	0.117091030039829	
GTEX-1AX9I		-0.0934129297229074							-0.161569410237586					-0.053570422294853		-0.0463538566304337	-0.662466499039511	
GTEX-1AX9J	-0.550360519984654							-1.63052119517098	-0.941720080837247		-0.805495295485523		-0.711439450671959	-1.08974843690097	-1.10173332178476	-0.824480764782493	-0.838950530193678	
GTEX-1AX9K			1.03161837402851					1.19139480283691	1.11288152605098	0.957548540384189	1.22826592952285		1.04678904093921		1.21575707111695	0.987810272542734	0.993404203768627	
GTEX-1AYCT		0.2283801622125						0.331461630003903			0.345928916321342				0.35715723356314	0.329956703277405	0.0210858579627132	
GTEX-1B8KE	0.652051098721769	0.402130934381971	0.629635051147829					0.629953096219058	0.640538935333866		0.452265589434792		0.589545614777904	0.550220407243134	0.614920593083208	0.561562578212151	0.70024947046309	
GTEX-1B8KZ	0.714575696939073		0.673944085669529						0.596592325897375	0.609451706645633	0.55177479159581		0.541435073613608	0.520220286649943	0.626946322446366	0.497421266537093	0.749171799890993	
GTEX-1B8L1	0.601611685835311		0.721117156861516					1.21199804733891				0.890354666790179					0.833907048567041	
GTEX-1B8SF			0.290444032934496							0.733809529457913				0.660777771780992	0.687762650476932	0.516462863998487	0.639851407195912	
GTEX-1B8SG		0.569588077105497	0.764288107012856		1.06658613803142		0.883194286164059					0.696960215704781			0.887739960320771		0.337014179308265	
GTEX-1B932			0.227010083560701					0.152241552722816		0.0143163034602247	0.0675370614934599			-0.0891157801205633			0.280913128451812	
GTEX-1B933		0.879920765802861				1.22775977723332	1.08508858948544		1.27817518340723		1.1907687067637	1.03458896330412		1.30347945534522				
GTEX-1B97I			0.31364861285785					0.58623896944123	0.45196779577391				0.45700260926444	0.547905729342322	0.472063341675878		0.411505367083204	
GTEX-1B996			-0.194999042870351		0.048442069523553	-0.155628324422587	-0.230874197094383	-0.961814385271293			0.0245311215046626	-0.110945239384041		-0.0983591367633861		-0.105621201989118		
GTEX-1BAJH	0.168582642477984		0.269584316244277					0.591465059499321				0.479102777605663		0.508973438829591	0.454440932911034	0.417853383781165	0.267897066470598	
GTEX-1C2JI		-0.246747704524794	-0.372068729172373					-0.527412951166772	-0.27694704378167		-0.14222582469767			-0.314451279900022	-0.378537393676082		-0.65844289310783	
GTEX-1C475	-0.160501855470737							0.779836466523798	0.395296245011573						0.276172668712029			0.765630296808501
GTEX-1C64N						-0.849409260737328				-0.672108295566171					-0.841824617432124	-0.710505289538603	-0.734798367476249	
GTEX-1C6VR			0.293640050167075												0.592737392469404	0.471693984202456	0.198865911281348	
GTEX-1CAMQ			0.296636214797129												0.270771139870391		0.624520143941265	
GTEX-1CAMR	-0.164682528911545												0.252818012975972		0.13588375202717	0.138905764217832	-0.172099972354337	
GTEX-1CB4J												-0.662319284637862			-0.818288329158923	-0.66561262046006	-0.677075582722977	
GTEX-1E1VI									0.515778008272649					0.231632073282588	0.436577298241736	0.396057397123259		
GTEX-1EH9U									0.330259137292083	0.236430314241262		0.391452494155996		0.315389511243244			0.619073726024108	
GTEX-1EU9M		0.864993566629582							1.44147845813878				0.99615920463444	1.42942298149084		1.1317700532196		
GTEX-1EWIQ									-0.835231450182963					-0.822017378366357				-0.265396999221317
GTEX-N7MS			0.224665812218373		-0.119478456394501	-0.187567375623954	-0.212223882275878					-0.0545929853634781				-0.13433377296077	0.356427140959847	
GTEX-N7MT		-0.197463332491312			0.0175579904586368	-0.227963268765096	-0.31883644299125		-0.196631196683919			-0.0494627588225546						-0.0930863158359033
GTEX-NL4W					0.640371871655771	0.505950958311353	0.365546117036776											
GTEX-NPJ7					1.52342207310144	1.27507327992154	1.26256707595709					1.11753096763671						
GTEX-NPJ8		-0.434057538798925	-0.238535394049491		-0.479865082481278	-0.583754362203783	-0.515931347053534		-0.472858730426462		-0.515384824324698	-0.410578307482561	-0.527858203363416		-0.546883456429943	-0.433937142529661		
GTEX-O5YT	0.137227470923082	0.0440743965447121	0.362231133652434								0.165591372159334				0.139251207287504	0.151126489578337		
GTEX-O5YV	0.484509266767432	0.236511957755899	0.327893786042013						0.510825900793257									
GTEX-O5YW		0.498847167218903	0.603676109697165												0.795297792814947			
GTEX-OHPM		-0.0338637658294915	-0.164081380159505								0.0200581633692477				0.0171755622835597	-0.0142533784130722	0.1022332516614	
GTEX-OHPN			1.17507230668634			1.32012055240102	1.237283125514											
GTEX-OIZG		-0.599428516096347							-0.769500049432003						-0.903657640202516		-1.10448835159702	
GTEX-OIZH	-0.518999360991347		-0.457471960212523						-0.721890180502682				-0.764708115023265		-0.68439229476848	-0.602771889722305		
GTEX-OIZI		0.20319386210874	0.0693072907055096						0.465196282497311							0.326568299680278	0.0872321193845509	
GTEX-OOBK	-0.331488571319233	-0.227857822193683							-0.373490464105185		-0.270341441295459		-0.28868355270653		-0.38140917891528	-0.243818254304095		
GTEX-OXRK	0.693417822200473		0.685571081149535						0.550683077947638						0.60545135060499		0.710458144494337	
GTEX-OXRL		-0.368805312152835	-0.430428349699402						-0.481728978528543						-0.514868613206663	-0.367982933735397	-0.638908859181336	
GTEX-OXRN			0.919210157014457						1.08885982284855			0.906601073441566			1.05298396231132			
GTEX-OXRO			-0.59333663620999				-0.483320338820268								-0.551855211127589		-0.450093835716332	
GTEX-OXRP			-0.271929380073615						0.306700852557974						0.107302715152738		-0.262319725001909	
GTEX-P44H		0.377853862680118	0.477915004341637		1.04166723266594										0.639771397107342			
GTEX-P4PP		-0.50075629521253	-0.617986514390083						-0.716181266479864		-0.573728033757451				-0.672711103802177			-0.302398101392131
GTEX-P4PQ		-0.414797974912025							-0.366910856053358		-0.366552526247375				-0.535603879068752		-0.288075158645881	
GTEX-P4QT	0.290665566214287		-0.314100651475642						-0.517726262752648						-0.532669705512215		0.0224459841308067	
GTEX-P78B		-0.688755221421116	-0.982487442302847						-1.01072881679483								-0.974414166496072	-0.629469306775987
GTEX-PLZ4			-0.333218646794274						-0.282549908377536						-0.340292244948098		-0.206950885479117	-0.334673325171855
GTEX-PLZ5	0.512375071602914	0.366061896387759							0.607446983255346						0.575351558392308	0.493771846169729		
GTEX-PLZ6	0.296133716182306	0.110518829038408	0.365671771164727						-0.000499063250851676		0.180704907385069		0.14859094765692		0.221705929765449	0.167620154460438		
GTEX-POYW		0.122774900081578							0.349065167154999								0.0827690000471245	
GTEX-PSDG		0.784708240770242	1.03034481612902						1.23267853753469		1.02048310019461				1.19840206585205			
GTEX-PVOW			-1.01737137557742						-0.928600639778524			-0.911006471852145			-1.15813085639884			
GTEX-PW2O	-0.0281710197226839	0.425125344147752	0.495601060221764								0.59603226331502					0.560344598047898		
GTEX-PWCY	0.783343911315341	0.293200572762877	0.593981276883627						0.464277083556872						0.519465035550605		0.0793186493813427	0.462377068953088
GTEX-PWN1			0.887976936933714						1.06216760051089								0.408713390333152	0.605291039247502
GTEX-PWO3					-0.293504416708558	-0.25838302203743	-0.268836910246439								-0.212529525394092			
GTEX-PX3G	-0.395202355402492	-0.639849013079391	-0.701199340076313								-0.75173180726292				-0.933166173553267		-0.635613076381345	-0.556402962599647
GTEX-Q2AG		-0.00388329924361025	0.158652968353423		0.231408074805999	0.0380269427768608	0.00431434075915719					0.031885527015052			0.102043776188095		0.0892148621185677	
GTEX-Q2AI	-0.328598231201198		-0.110899166951577						-0.410029978477786		-0.139921906407705		-0.105256863869828		-0.260382095405706	-0.153698092411597	-0.210946236109638	
GTEX-Q734	0.265287890868648		0.278019250045214								0.300592798368505				0.401698212719305		0.451751434762402	0.137159878826178
GTEX-QCQG	0.066501564412742	-0.0287728847806645	0.00449081901841826						0.049049248927777		0.101064084147254				-0.0200890208024534			-0.147855038174535
GTEX-QDT8		0.514227514417569	0.71312896716898		0.977067283194568	0.726263319199963	0.699998368071456								0.802922793679302			0.352146072736322
GTEX-QDVJ	0.130181922425287	0.0633371330747717	0.159384896083719						0.34885075310316		0.127998115967295				0.106385407040311		-0.318198833424752	
GTEX-QDVN	-0.460426567207569	0.107241325046333	0.267344695133063						0.217128793635258		0.223906098698562				0.224628862814343		0.414457683280958	
GTEX-QEG4		0.382367941760319	-0.031183372762679						0.743315937184936				0.767428831182673		0.534347580920536	0.534376815824676		
GTEX-QEG5	-0.000271627116552194	-0.0490885326435951	0.0501372744886708						0.0609465258857936							0.0287452086180837	0.0510700607834043	
GTEX-QESD		0.250615741594991							0.444709841826312		0.339238422813117				0.401468950683624			
GTEX-QMR6					-0.4281640256358	-0.47873088026118	-0.228781760874197											
GTEX-QMRM	0.079318351355788	0.146406583719372									0.224312450121255		0.426446000429153			0.203410666865486		
GTEX-QV31		0.142717873957833	0.25192154586601								0.284779810933314		0.770267619757462			0.218248873766418	0.572649704010645	
GTEX-QV44		-0.287718491068038	-0.430230497268965						-0.350157696708081		-0.275927544375897		-0.272688179705701		-0.399231451699711	-0.276528473423754	-0.386562996074187	
GTEX-QVJO		0.406595594086611			0.582305259408371	0.555509824384643	0.509488415591458					0.590202098265083			0.640820854289571			0.296709660407382
GTEX-QVUS		0.150319826480918			0.421298280178199	0.198193376590475			0.190497457088759									
GTEX-QXCU		1.22592372022914	1.47710200390246														1.52853623834866	
GTEX-R3RS									-0.82958832761338						-0.763556426531044		-0.246460986269922	
GTEX-R55C	0.820134628003803		0.556377059147546						0.675148797865598							0.628963102925682	0.758017550283043	
GTEX-R55E		-0.042770348252956	0.0426805726433216		0.0513644757269745	-0.0542958229557435			0.0451178002332184			0.0102089462681515			0.00201762933953176	-0.0451997024705406	0.203383484050836	
GTEX-R55G	-0.312015444414407	0.492817809086692							0.872017914416973		0.554784484990554				0.75417474342543		0.240637583744517	
GTEX-REY6	-0.297455327337663	-0.0828006674407292							-0.033591497416691				-0.00755336370472636			-0.0340287390871092	-0.360907192460341	
GTEX-RM2N	-0.111567243761001		-0.224386208104366						0.153560197701306		-0.0270214574501012		-0.239594581598609		-0.0533757527112003	0.0354895310074811	0.0776952576650998	
GTEX-RN64			0.216679315613466						0.516765293391253						0.434757006666358	0.413094462723995	0.427035066209749	
GTEX-RNOR			-0.910826364639776						-0.774707857487607			-0.811850618889077			-0.9628349507417		-0.401662868613489	
GTEX-RTLS			-0.0532197654419329						0.28362636992782						0.131111865931529		0.189148038242176	
GTEX-RUSQ	0.0306159796614446	0.244765356448327	0.384033106801303						0.395099735271696						0.398665625601693	0.359337074396749	0.253677921034318	
GTEX-RVPV			-0.242398247753314						-0.314660547528706								-0.614209704361274	
GTEX-RWS6		0.576600152865713	0.682299761194396						0.897930042611309		0.841108679649946				0.898810272311447		0.910845191464434	0.344181625078848
GTEX-RWSA		0.18973808767508	0.281407543988297										0.609746862188014		0.378204230780726	0.271301502900198	0.436557551058568	
GTEX-S32W	-0.666890322536128	-0.431578854976068	-0.808973328451098						-0.674191371008041		-0.498175013561162				-0.630832744352705		-0.719131201215223	
GTEX-S33H	-0.210354776084676	-0.605801478673468	-0.758494146257964						-0.790783100599197		-0.596556226095359		-0.596858713439504			-0.690811578777163		
GTEX-S3XE	-0.665614971796535	-0.113751917262479							-0.203618827740545		-0.17450702285291		-0.254638553291921			-0.131432355215166		
GTEX-S4P3		-0.397273452428342							-0.603622939924899		-0.402295612252122							-0.510071371594417
GTEX-S4Q7	0.00970432433773058		0.0398753312752357						0.294102158508246				0.235021575531955			0.194220002039027		
GTEX-S4Z8	0.689082274635774	0.602689437618846														0.73617807191235		
GTEX-S7SE			-0.654702021601744		-0.657385517063474	-0.528388036027468	-0.390165932756366								-0.512379443023505	-0.449302991610278	-0.00783533237998782	
GTEX-S7SF									-1.03343400508842								-0.967516353330018	-0.29428959639752
GTEX-S95S		0.0800202684429357	-0.00932989621834046						0.200246442590266		0.101815207205495		0.182436377675832		0.0917914686637746	0.128366274240583		
GTEX-SE5C									-0.864482373810005		-0.582734930450452						-0.308801430996562	-0.651865909879623
GTEX-SIU8			-0.67879072810936												-0.355258128201022		0.131324295632249	
GTEX-SJXC		-0.419554935729956	-0.428817532855671										-0.241336196760153		-0.558847085635639		-0.0232191855227793	
GTEX-SN8G			-0.724368233610528												-0.771654617337926		-0.650743382009255	
GTEX-T2IS			0.584216478560002			0.47607153260549	0.37772725796378		0.445173806965624			0.438309033953533			0.557469747045956		0.889856065230137	0.792977621054161
GTEX-T5JC		-0.0841916551208519	0.0519390341707113		-0.637093616071892	-0.114758074363454	-0.200983069337742		-0.104442674269719			0.039812255626975	-0.0467413934623782		-0.0468046470305573	-0.104519656204153		
GTEX-T5JW									1.0695189888832		0.84421692366076				0.885936708010016		0.694241610442924	
GTEX-T6MN		0.196385563104465	0.154215985423018		0.175920243917986	0.254607203021618	0.102353261669015					0.28886670788323			0.283682742114363	0.251707111679152	0.274010352478947	
GTEX-T6MO	0.771173237691958		0.778946838556478						0.888914838042318						0.813810311439263		0.465967376344529	0.458951385716342
GTEX-T8EM		-0.0884769837209921	-0.106137330310227						-0.241051393151312		-0.204944463559637		0.123656497685188		-0.130548841052996	-0.124450836585686	-0.157488407780307	
GTEX-TKQ2	-0.185420852066992		-0.0888929434266145								-0.111432926129126					-0.0969821814182611		
GTEX-TMMY	0.582873261156218	0.474410436859807	0.652162041753014						0.749352660296714		0.649440098236822				0.778264158684149		0.885264081660131	0.425637121565293
GTEX-TSE9			0.675399951426505		0.649809531782655	0.578797539116531			0.59779825413641			0.581052846650523			0.656631063043034		0.903707843832601	0.225376507956628
GTEX-U3ZH		-0.801840840090728	-1.0181408714132						-1.20943476936939				-0.893388905527172		-1.12608071185086	-0.895977955822655		
GTEX-U3ZM	-0.0914563353426295	-0.0724819204179418							-0.137980351144635				0.174603707501106		-0.0845025122391778	-0.045516994379453	-0.154929730719478	
GTEX-U3ZN	-0.743090722919913	-0.28823018569681	-0.456483827888961						-0.180391147274033						-0.431112315741964		-0.816064773102679	-0.853108596761404
GTEX-U4B1	0.0021738824886558		-0.0175392791474889						-0.192986352422759		-0.126516869045745		-0.105342102180084			-0.134173814006779	0.240059225117776	
GTEX-U8T8			0.0160754193373904												0.154616988588534	0.186347788924036	0.0907572398311974	
GTEX-U8XE		0.134882997673326	0.255245780300661						0.191532333489413		0.211215700145635		0.314000966915228	0.0830381166343036	0.231107741685461	0.215675040165112		
GTEX-UPJH		-1.19231298869671	-1.40638690402177											-1.91433427107727	-1.69470619832108	-1.4011398934284		
GTEX-UPK5		0.523347034055731							0.754988158324702					0.654986280616625				
GTEX-UTHO						-0.681022830568118	-0.643554810208586					-0.45774807512357	-0.798993539661862					
GTEX-V1D1	0.679728387870772	0.362826340725077	0.66408092261804						0.713603129406113		0.49809967600015		0.430538005729064	0.67221698525774	0.580037516618566	0.520721034164522	0.291454345464876	
GTEX-V955	-0.0407777533771207	-0.230163690144326	-0.279320007585199					-0.0428329227652306	-0.390900350645748		-0.215549917470029		0.118579373450358			-0.233403129485269	-0.140449539155723	
GTEX-W5WG	0.0212049873224229		0.109344411720899						0.121383798619584		0.108378920296172				0.170764885584302		0.0392037886585968	-0.287892601611444
GTEX-WEY5			-0.269389147930353						-0.349724975398043					-0.292992640596252			0.0144297999717037	-0.102102226436101
GTEX-WFG7		-0.283553923664826	-0.39581469625803					-0.218584064186821	-0.390037392354182		-0.332134316551313		-0.391744544502261	-0.424586396157589			-0.25133785269729	
GTEX-WFG8	-0.429558270142365	-0.0750004043704925						0.341085697863676	-0.0291178249517179		-0.102780316707758		-0.00914332091326336	0.00856257834892992	-0.140277157012452	-0.0656255878463742	-0.434329457557899	
GTEX-WFJO									-0.431306778434086	-0.437910659565783	-0.356056823698104						-0.0474759847010971	
GTEX-WFON		-0.665175549739277	-1.02682128896905					-0.62327575122588	-1.12977112579995		-0.622517300461277		-1.00641519065982	-1.1018278382745	-0.992764355592457	-0.800823170605902		
GTEX-WH7G		0.427559314734438							0.809077969254097	0.671654704943266	0.652382437796395		0.549193421333929	0.804772899642206	0.656063282233172	0.559429122315201	0.89870911331819	
GTEX-WHSB		0.0746900753346745							0.0326270548961162	0.0360560861713838	0.0673097408886536			0.139968746246544		0.126618057125815	0.0485329318410554	
GTEX-WHSE			-0.852294906755913		-0.907641486052122	-0.556292593416929	-0.548372568167937		-0.474291007892043			-0.466715306135479		-0.630685204864634		-0.446714138330119	-0.532136327424018	
GTEX-WHWD		0.0462063592904453	0.230167927914462					0.191273722858146	0.0556275042695793		0.168813806686458			-0.0397767093514292				
GTEX-WI4N								0.514793872151767			0.0229438098515174			0.0498124552435137	0.031861041238167			
GTEX-WK11									-1.28713802772486				-0.786471404136725	-1.29975449212249		-1.10788325645373	-0.944094823240029	
GTEX-WL46			-0.667516135669733			-0.719355550472868	-0.592258628420694					-0.54014823887023					-0.59622854314329	
GTEX-WOFM			-0.648625563159452						-0.587387041685451	-0.506724217789539			-0.53378551672985			-0.486662025243266		
GTEX-WQUQ	-0.415090719472823	-0.650445338124309						-0.884865573628829	-0.876426951914178		-0.730639753305171				-0.96446960711267			
GTEX-WRHK			-1.25831670327613					-0.533353214588651	-1.31521264772308		-0.751428399230009				-0.969723054944847			
GTEX-WVLH					-0.0936940027682027	-0.194836849241266	-0.0198330002877439		-0.231222973509052			-0.0797097016458799				-0.145633367565342	-0.0985292794589528	
GTEX-WWYW			0.856836164155232		0.690986780136912	0.601993882684097						0.582909379601907					0.661657835784935	
GTEX-WY7C	0.240207492211881	-0.30590543575841	-0.293710603514836					-1.08448130140939		-0.525882993176501	-0.254325394265794		-0.354692014447938	-0.42353882932658	-0.438821235532409	-0.373560696778889	-0.227377413363975	
GTEX-WYBS			-0.42925264583868											-0.0323480222912995			-0.448588870226119	
GTEX-WYJK		-0.124399536288181	-0.126196192791817						-0.16098107291887		-0.0889196514631372		-0.169724458353977	-0.133265593421513	-0.193222284219617	-0.127111474293601	-0.154303985865386	
GTEX-WYVS	0.0116885772848706	0.0277606316930309	0.015908492226696					0.459509527649514	0.150107066693981	-0.355024784416675	0.0141687267651202			-0.0573032116468514	0.0651728770142029		0.0414698300783151	0.044421407545713
GTEX-WZTO		-0.0291650022514368	-0.0365575283567773		-0.271296908712257	-0.0259131682972343						-0.0654889205317632	-0.0773583742585183		0.0244306537445225	0.0111738891557095		
GTEX-X15G								0.130476993321298	0.00510599675319985	0.0295983557300365	-0.00925078978809371						0.24816330207704	-0.202402318368558
GTEX-X261			-0.547024611377994		-0.368798159334929	-0.538250712667843				-0.408582710914117		-0.429846396972986			-0.528203899072157	-0.469100699852164		
GTEX-X4EO		-0.376437219741309						-0.354656316216137	-0.475154289428748					-0.695197185653575	-0.532820749211168			
GTEX-X4EP		0.045494565378536	0.0177465122134737						-0.1439865610104			0.112767867116015		-0.0789668495266157	0.140903902647123			
GTEX-X4LF	0.209662437921825								0.392035492082246		0.274202359508825						0.00680995609254165	
GTEX-X4XX					-0.0394326470868813	0.106018017139789	0.174841783574436								0.115251211876321		0.117573722722829	
GTEX-X4XY		-1.19507921057281	-1.70219009955474		-2.29805176775098	-1.67032658521139			-1.66335189910796						-1.67150201139845		-1.08307218047022	
GTEX-X5EB			-0.321365092914693						-0.101412721260704	-0.510125452128681	-0.162079428201447		-0.0378456510455593	0.0128990756157106	-0.142021853195381	-0.083331121770263	-0.426907465643142	
GTEX-X62O			-0.565234701450052						-0.537359493615305						-0.408294923955618			
GTEX-X8HC														1.04564602017144	1.27585044442366		1.24345279896273	0.690825314717032
GTEX-XAJ8			0.648593920974047					-0.734763086008181					0.496864283776444	0.514400101874698	0.566239420563656	0.459332168178393		
GTEX-XBEC			-0.0310043660976622											-0.350065473396943		-0.197534292569109		
GTEX-XBED		0.613838414163903	0.738846690059623					1.03610997536218	0.991401566033448		0.769450696874533			0.927605555805108	0.929845184947658	0.7873924587081	0.758437601960004	
GTEX-XBEW		0.140514336672795	0.188501181426516						0.139644434723201		0.240903703169538			0.132184875391277	0.284318944422505		0.0812471400049677	
GTEX-XGQ4			0.216747524288378						0.0308410037386589	0.0537265414569517	0.0717793282114471		0.271815897240463			0.00846654485810653	0.054293041985928	
GTEX-XMD1					-0.236925025713844	-0.172802516394273	-0.181049562160812											
GTEX-XMD2									-0.0974706767484554					-0.0833695617414632	-0.274615569299111			
GTEX-XMK1	-0.266466880333472		-0.385843165654631						-0.585804372276226	-0.730875360209847	-0.41597295975362		-0.411921827498429			-0.46222261778002	-0.327269026444815	
GTEX-XPT6		0.454584888013988	0.817198435591996													0.581033871676807		
GTEX-XPVG			-0.0383288731892258								-0.044923449272729		-0.137701595008351	-0.169699038875319	-0.0544116214930157	-0.0398706333346555		
GTEX-XQ3S	-0.250358083715852	-0.299406555275526							-0.328696283253335				-0.294511896000197	-0.37007440933765	-0.378087394828078	-0.268489096224498		
GTEX-XQ8I		0.0443795327428574	0.0482974803023067					-0.364915377471483	0.136824417218113		0.170855622090238			0.21231011299361	0.121076062572059			
GTEX-XUW1		0.0557357307137192	-0.172156259244973					0.504337303652571			0.0615940923851988			0.241738987065152	0.0939879189818382		-0.267344630488432	0.299838953755831
GTEX-XUZC	-0.491897525305538	-0.118153095576322	-0.0650890989340829					0.0266687248891488	-0.104804532859607						-0.172393712648763		-0.506870502303786	
GTEX-XV7Q	0.152801029772811	0.139417326032075						0.26444396177415	0.335294414098279	0.397255856089883	0.162332691167944			0.0970767307076095	0.207702087272975		0.140018560902214	0.130485707505259
GTEX-XXEK		-0.222159005135439						-0.155172190783436	-0.50257096579666		-0.212690816783305		-0.140946781463833	-0.542882561105445	-0.324327744898428		-0.496630517833626	
GTEX-Y111			0.279184959786749						0.472930607557999	0.325443690099284				0.383428181598806	0.36380071620714	0.333483702258739	0.114276729891748	
GTEX-Y3I4		0.023741375633479						0.12817465438683	0.117596746929251	-0.0308040956091787	-0.000734683911738653			-0.043118022258124	0.0539079901773462	0.0766500388857641	0.11898943363192	
GTEX-Y5LM	0.172543199770888	-0.0584330707292287	-0.0795202165038385					0.221710474178588	-0.00361069742222123	-0.134008669768537	0.00252054485487987			-0.201060676966124	-0.0580300267171354		0.101184725066415	
GTEX-Y5V5	-0.196894239443543	0.0482961315565113	0.21054740990008						0.0272328672626907		0.0958503580901372			0.0169502978730169	0.0935503725080382		0.0852322568127768	
GTEX-Y5V6	0.165880642296172	0.300989336764426	0.305099772761493						0.531534922909169	0.270696109155163				0.401435621193904	0.45831495337774	0.401735312618825	0.0957248132055876	
GTEX-Y8DK			0.776015432139208			0.813911795724866									0.909600153830111			
GTEX-Y8E4		0.138770713997163							0.35266314460069		0.280682175022479		0.424315764855005	0.339732543643047	0.257472351192723	0.192514490416118	-0.102542862960646	
GTEX-Y8LW		-0.0458441489111423						0.292436887187716	0.0204622001506052		-0.0679348367601838			1.54592301265833e-05	-0.0250713670637412			0.160384233818422
GTEX-Y9LG	-0.112555526107738	-0.559109221970854	-0.694210747693594					-0.441388063470073	-0.756265675318915		-0.641838435699524		-0.754849930363899	-0.863703712295257		-0.695916631614959	-0.33294086157814	
GTEX-YEC3		-0.14365124532376	-0.260375335951994					0.151400684301156	-0.0928106428580363		-0.219112941971103			-0.427398975919161		-0.123630147801252	-0.650704601675831	
GTEX-YEC4		-0.170972985351237	-0.0374265039126832						-0.178237060068465		-0.12597047129849			-0.281463630083519	-0.215309400921041	-0.20982191634922	0.328740667506023	
GTEX-YECK		-0.160545487245827	-0.112676489709375					0.197555144311362	-0.0641179769377443					-0.216209009937069				
GTEX-YF7O	0.913068283808768							-0.327750207836009	0.847543439828953	0.686281876427513	0.841255142919166		0.665475299837679	0.653059856062886	0.766551203049464	0.643940763992511	0.757398220273562	
GTEX-YFC4		-0.208129142476831	-0.286414428885473		-0.29577372574806	-0.26171985920877	-0.392663414988519		-0.143019792503625			-0.134206209849214			-0.29002689605295		-0.275298097312852	-0.311553386570952
GTEX-YJ89					0.254177860883475	0.215839102045329	0.166661125350493		0.230033540618539						0.246326542157243	0.180199398754079	0.668162071055629	
GTEX-YJ8A			-0.59467271645084					-0.58824287078369					-0.477354956514025		-0.496873865816544			
GTEX-Z93S			-0.286907287464802		-0.255812836819645	-0.29730964058984	-0.300972536471649	0.0293140512060012				-0.240440803901304		-0.328700129908204	-0.348023937113168	-0.230929899134424		
GTEX-Z9EW		0.0189185968371853	-0.143793950676173						0.190509705405064						0.0749775657497601		0.259810914163759	
GTEX-ZA64	0.514668492810851	0.398529254859294	0.561756906080525					-0.449120686239329	0.743301888986811	0.301853540848934				0.701195371500959		0.530558136835176	0.305705512751763	
GTEX-ZAB4		-0.313430834802951	-0.3234158275741		-0.431411419642013	-0.371351779220017	-0.322813273057422	0.142050909300809	-0.303756751952773		-0.140929638284776	-0.4651490518897		-0.387812303655345	-0.393696974112799	-0.249330516543764		
GTEX-ZAB5			0.000623470494632069					0.336786983067082	0.0922303980386214		0.123631069255197				0.119837050638919	0.132334230724913	0.0970952307667053	
GTEX-ZC5H		-0.207302362262596	-0.238068170095099					0.111892350985665	-0.160154255543152	-0.422551893636043	-0.165556479534884			-0.380672784144341	-0.262117686956897		-0.318372703954249	-0.172438927856683
GTEX-ZDTS		0.453254012313323	0.718894372444121					0.873284000096833						0.497539660752933	0.73468336431694		0.85591650098618	
GTEX-ZDTT	0.339787098418028	0.187724165411741	0.11420298159023						0.108907403761679		0.372122025799724			0.159765314030179	0.284559008732943	0.274098070275736		
GTEX-ZDXO		-0.0953822766794843			-0.105737155623726	-0.10152922658556	-0.18064469638845					-0.105859670203866		0.097258504722508	-0.108078727419203			
GTEX-ZDYS		0.170002376693124	0.105203793445109						0.367038725330138		0.288303717091864		0.142200199669285	0.391240446457036	0.291886600783934	0.259008694464066	-0.0212279197362729	
GTEX-ZE7O						0.110399930392724		-0.0148480201725721		0.0689125921394595				0.0346065588801658	0.144288444117728		0.188326283739652	-0.0340855102618834
GTEX-ZEX8									-0.223304234622001		-0.223682413291266		-0.227807595119151		-0.298322909908602			
GTEX-ZF28		-0.135087082776256			-0.237033267859116	-0.146440106410038		-1.91520788792448				-0.126557922928843			-0.0679004893916795		-0.346801573512029	
GTEX-ZF29		-0.342161189236807						-0.157034511990912	-0.423682631146172	-0.429426918367745	-0.293268747856551			-0.291632274350573				
GTEX-ZF2S	0.452482068602242	0.291122958954919	0.624782295732394					-0.574581866602402	0.659823392427857					0.546443703234557	0.476385781950131			
GTEX-ZF3C		0.261236157965857	0.454221694175119						0.559072644498997		0.447666080198678							
GTEX-ZG7Y		0.557587220383718						0.153231481222213	0.901430534516844		0.918160607130878							
GTEX-ZGAY			0.299349321934169						0.15635404406681						0.304102791409706		0.203818893185492	0.662579563798447
GTEX-ZLV1	-1.03226230200589		-1.51812590915803					-1.12461827900166	-1.85033322354104					-1.94043445333808			-1.17794900740493	
GTEX-ZP4G	0.275046194466962	0.0970364379502456	0.233428040923467					0.468156955394771		0.0824528980618151	0.163759106855668			0.0976147122271383	0.205495158753736			0.339886622880898
GTEX-ZPCL								-1.18511028950064	0.630847185124252					0.562727103784462			0.170241649259421	
GTEX-ZPIC		0.589344110539504	1.04591015654833					-0.870965779475269			0.876179334248989				0.944511558943898			
GTEX-ZQG8								0.00472326971575681		-0.175371850791888					-0.274323305128004		0.229337578589985	-0.00462764415540117
GTEX-ZT9W	0.331916922344475		0.556413242777149					0.772472285810554	0.848736505255823	0.725859421184125	0.603584691177007		0.631640603431495	0.699105959844695		0.651769196639834	0.573471732758384	
GTEX-ZT9X	-0.675918329045348		-1.1617145870064						-0.98755883995808					-0.866540533201812		-0.757635540841799	-1.09992545547854	
GTEX-ZTPG			-0.259170029777962						-0.204736892206482		-0.0403611416476692				-0.165522524260711		-0.461823219875934	-0.110915988682892
GTEX-ZTSS	0.152066988420276							0.566092044061242	-0.0086635320321918					0.189284347646834	0.270141978950604	0.207054615466889	0.222079313869153	
GTEX-ZTTD								0.163585312492509					1.24076044037817	1.10946826320522				
GTEX-ZUA1	-0.166154346583114		-0.0445422902564223		0.0148815923043321	0.0112134309451685			-0.0757085272354745			0.145257940866116	0.112545727419722	0.0768775079864791	0.00253522794406831	0.0360979177356467	-0.479127007826597	
GTEX-ZV68						0.150436725652289	0.393823104021712		0.128745807575928						0.128745129902069			
GTEX-ZV6S			0.88590567557006					0.0400573086238849							0.936707384668287		0.922097579862631	0.00372045875288577
GTEX-ZVE2			0.358403964859147						0.479654258139085					0.469979683782818	0.45912491434604			
GTEX-ZVT2	1.07806809871753	0.301906933501687	0.385956360101127					-1.6000562873287	0.525972344237062		0.320178133683106			0.138516586716891	0.528840067386588			0.404509818629298
GTEX-ZVT3			-0.218815106487751		0.000130420426899123	-0.0923267267975432		0.158165316663077	-0.143550787587856						-0.0838378644443715		-0.708331145598639	0.291437429434098
GTEX-ZVT4								-0.332202506560489						0.755042952487137	0.832528601650223			
GTEX-ZVZP		-0.043694505366151	-0.48966858512279								-0.124138271741727			0.125484702210516	-0.125986268648752	-0.0269228877063287	-0.544918488706919	
GTEX-ZVZQ					0.577592414132662	0.248610331909608		0.407182063486695									0.329325262555973	
GTEX-ZXES								-0.52713188792641	-0.524390712775145						-0.559895428153097			-0.0279432344708229
GTEX-ZXG5			0.40467937948678		0.785294890738102	0.569719360398227				0.558147768660322				0.668066881181558	0.62539638593026		0.141326739554781	
GTEX-ZYFD		-0.214952218019337	-0.0627748389605249					0.0772468038634374					-0.242971297768597	-0.338230211895601	-0.255479639663849		0.0837502032873653	
GTEX-ZYFG	-0.169665682459092	-0.237249325465952						-0.129378854572277	-0.230126855087999		-0.258663078950237			-0.298381959935764	-0.32191169818567		-0.392590761475952	
GTEX-ZYT6		0.409871613526981	0.61527810800037					0.574926082658831	0.666668299264044					0.547511999283139	0.687149750148825	0.568462670083215	0.400047084820911	
GTEX-ZYVF	0.231722237012645	0.200810220889445	0.200643819164506						0.426461852586808					0.434170948382741			0.0794932308203722	0.375540085336529
GTEX-ZYY3		0.089679519110808						0.315463152596358	0.190734552840394		0.329758178015596	0.329116301266051		0.0558764671611844	0.158051801549354		-0.0755764544369116	0.1266118871436
GTEX-ZZ64			-0.657656123740169					-1.40484350077706	-0.828185277611345				-0.858809535980757	-0.921641288660319	-0.917822632067618	-0.771859206384952	-0.576752288998017	
GTEX-ZZPU	0.646844474544143		0.347123979597748								0.437689239538805			0.390088550627357			0.578786241460339	0.615336649471085
