id	Adrenal_Gland	Artery_Aorta	Artery_Tibial	AverageContext	Brain_Hypothalamus	Brain_Nucleus_accumbens_basal_ganglia	Brain_Substantia_nigra	Colon_Sigmoid	Esophagus_Mucosa	Minor_Salivary_Gland	Pancreas	Pituitary	Prostate	Skin_Not_Sun_Exposed_Suprapubic	Skin_Sun_Exposed_Lower_leg	Testis	Thyroid	Vagina
GTEX-111FC				-0.0367139459041692									-0.026670381983017	0.183216020990601		0.116897870728677	-0.341805614650038	
GTEX-111VG				0.109444989273591										-0.122835670391856	-0.0260039177973245	0.111857358154241	-0.131979614335742	
GTEX-111YS	0.0291751226320172		0.289361663094833	0.0146699939598172				-0.154725196674122	0.105408574813992		-0.0896465093911808		0.030834870033169	-0.387325043167415		-0.0749361686052155	0.499185537157084	
GTEX-1122O	0.316876739463562	-0.297740707817288		0.0655250728662209				0.307865839230616	-0.13528015285357		0.0613971653760901				0.288647856876726		-0.0950180329309804	
GTEX-1128S		-0.00616726960729037	-0.0879451360849941	-0.0328111465545966							0.00969724797113625				-0.149660330752482		-0.350463832755694	
GTEX-113JC				0.0507161176713072								0.318431822260306			-0.134364722816118		0.311305552023932	
GTEX-117XS		-0.15512361635218		-0.0190657724490867				-0.00971788954860245				0.0190445784939138			0.118678464947939	0.0348295650134187	-0.0718314176661386	
GTEX-117YW		0.0744186698827572	-0.0589346670420174	0.043711840673072					-0.103583327597296			-0.252239635694435	0.074989057394926		0.366704575956791	0.216350012825839	-0.17086677711193	
GTEX-1192W				0.00275076511565411								-0.273436625480009			0.674249873298193		-0.244829642486488	
GTEX-1192X				0.0010107485204992						-0.00873704484975793		-0.146769660095934		-0.487636899790601	0.300348406066957		-0.297101871544542	
GTEX-11DXX	0.0121575942397481	-0.350451470490526	0.0151902160436548	0.0327117064927802				-0.161253512638484	-0.217539968664395		0.0829906989241088			-0.542179608939483	0.328477331465504		0.0382453195918097	-0.0531821479019854
GTEX-11DXY	0.0892245490242685			-0.0120787892537511				0.203953051804366	-0.280610004599349			-0.263679883777777		-0.0391230274112829	0.110527613680781	0.0569649085072504	-0.353166943524091	
GTEX-11DZ1				-0.0317688105841417					0.0170658323992018					-0.156238336634615	-0.335950280555176		-0.0138144741667156	
GTEX-11EI6			-0.00174355721199774	0.0460652119392865				-0.00590962129522822	0.134913542639627			-0.283518188030375		-0.11013943571281	0.0500743409027614	0.0255964538202596	0.107586779183543	
GTEX-11EM3	-0.286969873131662	-0.00758118320163445	0.0748913645370465	-0.0062339477429626				-0.476864855027711	-0.192200971361987					-0.227706439259276	0.434621752723202		0.125211639528294	0.0576257501616949
GTEX-11EMC	0.0759674374014761	0.00413090254117755	0.0531681184504282	-0.00424123011116586				0.58133534972199	-0.0766934881740699	0.498429307628274		0.0854292821375553			0.0956459116238529		-0.290688545470287	-0.415769149158369
GTEX-11EQ8			-0.151777520167312	0.00855766422043097										-0.00270031116967182		0.0621886586768359	0.101949138441164	
GTEX-11EQ9	-0.00856928159364448		0.030495091433097	0.101294821697018				-0.0430736763705007	0.0543367233520997	-0.055019332303433	0.259027558951028		-0.0286393555561151	-0.259079356912849	0.452415115142191	0.267928605444036	-0.099694289505919	
GTEX-11GS4		-0.341666698837276	-0.176405098167526	0.0021334782613174				0.000766528904081631				-0.299644293731313		0.00199872968587225	0.0228782504468532	-0.284236695772915	0.278068280672136	
GTEX-11GSO				0.00541892086253936								-0.168323520279787			0.270978669939452		0.156840145004582	
GTEX-11GSP	-0.100126754753235	-0.0019335551132007	-0.0760897743656356	0.0521468738501258					-0.012517294138312		0.168582254173251	-0.267044976557042		-0.159081074072995	0.319129388194486			0.0761900399675873
GTEX-11I78	-0.149176335273602	-0.0850330692566346	-0.0170793514078652	0.0118104058673023				-0.204547004099465	0.415491777586025		0.0793208421080882						0.0493399993776537	0.105626693641407
GTEX-11LCK		-0.276384016304653	0.0990466481600014	0.00277087975180134					-0.0591913673905418		0.0823992748170877			-0.0386733319266219	0.571330737147408	0.127983508438112	-0.0291750166212461	
GTEX-11NUK		-0.0810295908381052	0.0189360962536468	-0.0459144917724953					0.0264133898962665			-0.105804071806974		0.155614141586638	0.099412984426916	-0.118099905897246	0.00252066596343633	
GTEX-11P81		-0.182191947745305	-0.30531013964018	-0.0162175203788252				-0.264908446132857	-0.202942843216938	-0.0511786391305026				-0.112594521208045	0.223176222802871		-0.0711333721309568	0.210627894501524
GTEX-11P82		-0.340687300086927		0.0346098518959146					0.209115828982123	-0.111632357256386			0.0148325118534169	-0.163017383123619	0.339366316239157	0.131216756197474	-0.271870248538134	
GTEX-11TTK				-0.00829073636878596											-0.505026847956993		0.358803621518337	0.418683375201563
GTEX-11TUW		-0.138794230805546	0.220633997531943	0.0626380536333404				0.111087728455127	0.0761762792831844	0.138191377628781		0.269985674868655	0.0104966276150748	-0.209647893069867	0.489377135780827	0.0906930798617928	-0.419428252622084	
GTEX-11UD2		-0.479903236493499	-0.00699519944540781	0.0655181921684727										0.0305921843688016	0.025774373818328		0.207352290113709	
GTEX-11VI4			-0.25962287592042	-0.0582735804893023				0.216666517651625	-0.292897375553796		0.0878096734253674			-0.0672137360392788	-0.22910515054078		0.296396010456958	0.163732485327647
GTEX-11WQK		-0.198670317688192		-0.0129412598111559	-0.159540745429527			0.104705956006812		0.0203361390482205		0.602954993081102	0.131495058906157	0.11244221321452	-0.516465517661352			
GTEX-11XUK	-0.334440841338677		-0.0639036074690535	-0.078973199306841					0.389257776372052		0.291037789728316				0.0475993103606379		-0.290052400304031	-0.169204935248771
GTEX-11ZTS		-0.535697147014805	0.116217737483304	0.0448786366406679	-0.0326650173142516		0.0163403659373624	0.200990604528439	0.116817830503089	-0.318616155695203		0.572908461419683			-0.0741062605061		0.051895409608877	
GTEX-11ZTT				0.0504625910043909				0.393685972838173		-0.0497568524976404				-0.254498281083959	0.0741635440933254		-0.163732260419298	
GTEX-11ZUS			-0.0535535915826163	0.0141001244402092	0.151280858481136							-0.125215710855018	-0.0426693907573071	-0.474860127848579		-0.0468906706270944		
GTEX-11ZVC		-0.608680950895422	0.303772107228617	0.0540021064740776								-0.0840560656366674			-0.167293749265963		0.192434072443772	
GTEX-1211K	0.0765500836665179	-0.141807130442883	0.076251229097701	0.0633923173228659				0.0526374337631702	-0.0474770980772298		-0.0864688777837979			-0.000873256104291648	0.0238847259317929		-0.20214816621201	
GTEX-1212Z		-0.425995663349315	-0.0907219933548313	0.0196053414459911				0.00962200519757782	-0.223957907782056			0.320529320427462		0.00910363264111361	-0.0732356127990678	-0.0868132354577317	0.154310268957265	
GTEX-12584			0.0751566614868467	0.0914319328566897		-0.019980648748567						0.393304331914148		-0.45490282897497	1.00634502503052		-0.422880039326967	
GTEX-12BJ1	0.0519501206239572		0.0563890296125784	0.00294468851228227				-0.310754248402681	-0.0119698846335988	-0.0592596541163699	-0.126588679292072		0.263447495682734	0.0962812429195145		-0.223828948193613	0.292327817341833	
GTEX-12C56		-0.271765618661075	0.115462309542413	0.0150473093770109					0.0934858340142209				-0.0623273889082135	-0.149369695320959	0.37949721927177	0.150337681718475		
GTEX-12KS4		-0.0343388732709039		-0.0238246506886966				-0.0980390173975803	-0.394689344456406					-0.189241100001079	0.870255835294882			
GTEX-12WSA				0.016347771077457	-0.117490324227562		-0.107828762612133		-0.114885062730809					0.0915859522419348	-0.0961710080005726			
GTEX-12WSE				0.0245687909638312		0.0908332312442829						0.367484783147925			0.133936468554273		-0.145485259285886	
GTEX-12WSF				0.0948487130304587		-0.0911613281611524	-0.139833440410214					0.202481017064637		0.251737825962325				
GTEX-12WSG	-0.0131630166627451			0.0450746998341736				-0.0932427326798159	0.0240508635555048		0.190056978762577				0.321508918291849		0.128528396142592	
GTEX-12WSH			0.0341183192027681	-0.0719281088182073		0.0277524090905438	-0.0483168527816798					0.0203758375835404		-0.165564099258511		0.0166989754697716	-0.10896642377948	
GTEX-12WSJ	-0.102028779253146			-0.00218668478500163				-0.555177370609119						-0.268255675388685	0.537083198954637		0.00749755080896919	-0.0206107738425484
GTEX-12WSK	0.067726692066845	-0.112344660596026	-0.0756249844255587	-0.0113841359748899					-0.332520607750927		0.200471609928091			-0.178387741500623	0.298364931592029		0.136544438560286	
GTEX-12WSL	-0.034938375321265		0.126900332499346	0.0940393216542436				0.00270558261938775	-0.144252339331347	0.207761365506663	0.305070412525298			0.120218023735874	0.0220097367801563	-0.0319131483295704	0.01597925920889	
GTEX-12WSM			0.310844016334979	0.0760653171326745	0.288391473551535	-0.123006385709796		-0.424993690739854		-0.440022230713045		-0.0308661011957083		-0.223137817349879		0.167877398851144		
GTEX-12WSN	0.339966351112002	-0.246393045768928	0.0182659270186445	0.0653417263753468						-0.538257135735107	-0.0563269038727065			0.00139178908550588	-0.0606435681956667		-0.216058369039896	
GTEX-12ZZW			-0.0565529531544481	-0.0336404952524503		0.148625011137847		-0.0479889702647385	0.537528996801899			0.198530183293756						
GTEX-12ZZY		-0.0813104563595685	-0.0160000373672171	-0.0789164009307361		0.199887906828731		-0.316249630566562	-0.165058471699164			0.160675579464169		-0.400007716664238	0.871951902336129	0.100851389056865	-0.0165849320248602	
GTEX-12ZZZ	0.320097654826641			-0.00061396001051804		-0.0774938591350907							0.07203349783814	0.165492606246545	-0.127761638723391		0.293880035639838	
GTEX-13111	0.00838052817965779	-0.038123340945047	0.0359635424592888	0.00618879397933419				-0.39726402134649	0.156112763788144	0.0756695041613398			-0.0416318750118594		0.429964961910969	-0.0645867015613624	0.159866581721547	
GTEX-13112				0.00661872806665328	-0.170815982476823	-0.102520730410371						-0.110984468208226		0.0940531310063983	0.016050918008783	0.011558580242757	0.0661025936568314	
GTEX-1313W		-0.132118040661674		0.0188398956608668	0.108981448549929	-0.120699498687505	-0.0166878983156269					-0.0429836359076509		-0.726279868948221	0.739261560739406		-0.162816154503635	
GTEX-1314G			-0.254928841980523	-0.0124028910822022						0.0677791785388634				-0.235003278559318	0.036828492924947			
GTEX-131XG	-0.130559512809789		-0.0262647264706818	0.0645703764589048				-0.316419980931013	0.169711948043639		0.0629302164108687			-0.681569159845639	0.745173102242536		-0.296977283029027	-0.23622575630813
GTEX-131XW		-0.159463474979673	-0.0750584747188568	0.0172688590180556	0.256607327786022	-0.331097628412427						0.184322656316384		-0.293030194551765	0.65775448345171			
GTEX-131YS	0.131231871868866	-0.186866549625137	0.279789543050375	-0.00969627283410142				-0.00970134192177438	0.268923651886936			0.0245109358958086		-0.0941599960412463	-0.132480639710333		0.540090784280882	0.249484374846724
GTEX-132NY	0.115591403643713		-0.0414619196864032	0.0583913559609456				-0.0449055064523128					0.0639742671822882		0.237894310749811		-0.207481514631111	
GTEX-132Q8			0.13690717936595	0.0979767808449179	-0.180641006790871	-0.0187778859596628	0.382776163840631		-0.133432401362978									
GTEX-133LE		-0.145549261830602	0.141127318124404	0.0119335461626645					0.213821078331535					-0.136243023394438	-0.116119985807876		-0.104260642095231	
GTEX-139D8		-0.316332505976024		-0.00690026737976851				0.270884575810614						0.0103358122149495	0.0816103028518218			
GTEX-139TT			-0.0888682702863824	-0.00138828386388005		-0.0384107864882546						0.380747106608623		-0.234366547603269	0.922461857526418	0.0861366446304424		
GTEX-139UW		-0.0915585776931045	0.0134089109663441	0.053005736656441				-0.0146805882921001	-0.195122596474718					-0.199798762107837	0.1964853777869		-0.180549976529668	
GTEX-139YR	-0.0412863829931403	-0.193569379785792	0.154326345586443	0.0155228832459744					0.101616248671902		-0.228085553377966			-0.271598639873382			0.174200730275414	
GTEX-13CF2				-0.0038308088971703	-0.0880096659280882		0.369904890556949	0.010606053244804		-0.23111167037972		-0.223676270015129			0.131283218878805			
GTEX-13CF3	0.25082824893054	0.036345137678287	-0.0801727876582385	-0.0249238155663864				0.0248151037468514	0.0698721909515245		-0.0191949612147152				-0.226484161700998		0.389142817799509	
GTEX-13D11	0.381422775933768	-0.0702960330723801	0.146149357601678	-0.0246509373434658				-0.00807218450805498	-0.0953654698322682		-0.0605219334699935			0.0907520473104001	0.0539753436163647		0.411949604152222	0.024486622681643
GTEX-13FH7	0.204821361664078	-0.259910358805781	-0.0927941831975578	0.0140971910130954				-0.158740715236821	-0.466354428674774		-0.0906041011535275			-0.0645295868838655	0.195287349975574		-0.166449573212533	
GTEX-13FHO		0.0226427241654274		0.054575953958574		0.0611069650113168		-0.409652691456049	-0.0906742835917066			0.340337793177767	-0.0931633646048541	0.059529882261939	-0.77873263240239		0.0994444973211346	
GTEX-13FLV		-0.347881931908995		0.0526287359632351	0.122703291727734	-0.348848240651131			0.110842979299366		0.248942210248272			-0.422706454548661			-0.243447314684622	
GTEX-13FTW	-0.367917947013245		-0.151966843212757	-0.000972814391742967				0.0549461325183087	-0.108609842847182		0.0402851164695327		0.0730048339622287	-0.262327500399691	0.282354700662954	-0.105752338569105	0.0263971371349215	
GTEX-13FTY			0.129384885020771	0.0326335779087582								-0.351995304872241		-0.187919789737621	0.342610666825692		-0.146480415631036	
GTEX-13G51			0.136096834119506	0.0588951741135086	-0.104999072211897	0.0914599456574741	-0.171975271490991	-0.26938902124549	-0.0761642919376449	-0.372881558368666		-0.0387713831819262	-0.0633697979369921	-0.358607186130838	0.321968860941047		-0.0703791234971839	
GTEX-13IVO				-0.016672516923316	-0.415702351208461	0.0479978884093278						-0.178615638445359		-0.0191773890609053	-0.00919222435428716		-0.174604116723776	
GTEX-13JVG			-0.0938426218934025	-0.00308821677635987	-0.279176030162422	-0.222292582628076				-0.0196247663486199		-0.100925820195906		-0.297915676389898			0.140452160838737	
GTEX-13N2G		-0.0486605454746736		0.0327867515595518		0.365364087776176	0.0993953811008132	0.120365182048259				0.00615036169750268	0.344093744025367	0.153572551931794	-0.085635636533789	-0.158450718310458	0.291581005644247	
GTEX-13NYC			-0.062989748958492	0.0947945256035315										0.223974663008203	-0.569728348789626		-0.266441284797359	
GTEX-13NYS			-0.198460474403757	0.0444763728905325	-0.0397327576552447	0.119352323907891	0.138686314568539					0.117472142816824	0.0462079715880137	-0.131919887613024	0.122906382998692			
GTEX-13NZ8			-0.139972045716024	0.0417183779695707	-0.106154879765481									0.0306944640090137	-0.0907434793461774		0.145731000198435	
GTEX-13NZA				0.0136360813850689	-0.0612362620791014							0.0667947041015301			0.214949197424382	-0.181190417581666	-0.0542796278571366	
GTEX-13NZB			-0.0139727529947999	0.0705564133548841					0.160928510036801						0.245637848694939	0.187546370102572		
GTEX-13O1R		-0.0194537663871043		0.0721414942012939				-0.0323524033393648	0.819258592531511		0.0761657871347677	0.0184859103976704			-0.211171667366206	0.103338509654911	-0.289285732664112	
GTEX-13O21	-0.152612869426572	-0.698936674624175	0.217308137256335	0.0343154138554663					-0.131448225611474	-0.635127760062557			0.0528707800491172		0.0911812720151802	-0.177153393725064	-0.258905633087238	
GTEX-13O3O	0.236048682025739	-0.366383983821692	0.103397328073411	0.0178639044487395	0.037801045909561	0.205208764840718	0.313469984408839							-0.113264093429605	-0.178000407731148		0.42067587262974	
GTEX-13O3P		-0.324943138861546	0.0578474276441756	0.0259739802256215											0.366609547952257		0.216068961612374	
GTEX-13O3Q			-0.0777704624340677	-0.00659196672230454	0.225337104820267	0.146184896201515	0.0942796703472153		0.0687552027555673					-0.299128478354871	-0.0520645412700212		-0.0890230228339125	
GTEX-13OVG		-0.0814888451285974	0.026961052863709	0.0846173434220175					0.344121921203994					-0.13568047564545	-0.227915637555826		-0.0123795743608524	
GTEX-13OVH			0.202583756421883	-0.0707401854295335	0.101359039366393	0.22880439442496						0.180567167091536		-0.136939973146949	0.501521545607032	-0.266030343540005		
GTEX-13OVJ				0.0507883503600679	-0.0971552952223084	-0.0726487996946396	0.389417241650253	0.370908816848404	-0.0618529933059991			-0.166117118520286		0.0342440683967893	0.187390517068256		-0.0993732008427158	
GTEX-13OVK			-0.0353800861848271	0.155119037550642				0.167176938544498	0.503961742984329	0.121095028099485				0.149298339296541	-0.489173927505069	-0.0365565993102021	-0.069639371070419	
GTEX-13OVL			0.0859267718612788	0.0085447476727489	0.127141677986328	0.0387011553713977				0.510785182028091		0.410298723285888		-0.0590521027834832	0.380427274946233	-0.0154111399390039		
GTEX-13OW5		-0.631904663899533		0.0399102405883874	0.0829514406446807	-0.14056356407901		-0.523388593465638				0.154335381520309		-0.308286900160311	0.62045171215458	0.242048524964435	-0.222553093679049	
GTEX-13OW6	-0.153839794594201	-0.698035651976425	0.0546267211699353	0.0214331587254452	0.0553590803078867	0.115093311044124	0.29082668925757	-0.0591053185478223				0.178817036792936		-0.287135984333163	0.542050089364082	-0.00401208822312615	0.121152463149234	
GTEX-13OW7	-0.0792082748559225		-0.0353265872634188	0.0334165264862921	0.0615091006285628							0.00713498978780453		-0.327003283618443	0.100463365047417		-0.0695918164739542	
GTEX-13OW8		-0.387704813679298	-0.0563520930278511	0.0312144691217546	-0.017120679840832	-0.132471373620063	0.461709244385727	-0.0235667719493933	-0.173500658493152			0.309887592345186	0.0554990350969161	-0.0118063240345408	0.138015023402793	0.0926051654712932	0.1832469109548	
GTEX-13PL6			-0.0358320365213328	0.0696669969478387		0.283251353027588								0.0768851535816158			0.0740727685917512	
GTEX-13PL7	-0.018664132247993		0.132484903557895	-0.000860441551623084				-0.187512775938326	-0.211398569218512		0.133071903959169							-0.07676977191451
GTEX-13PVQ		0.0452614964911378	0.0748782124186761	-0.00258951351932668				0.0210856038759785	-0.121954920369706					-0.317753385960276	0.0561550829044135		-0.286189479522264	
GTEX-13PVR	-0.0723399489538764	-0.175924445732151	-0.190703556121195	0.0523415205104724				-0.217674454866182	-0.10684653795856		-3.87646829752009e-05			-0.272704744627498	0.181033417895852		-0.0252594028545105	-0.199230972407366
GTEX-13QBU	0.00289681543058635	-0.190734708645013	0.0590448661231894	0.00658106470938285				-0.161128597334239	0.0517603788030884	-0.178087044403983				-0.0756397690757885			0.0285350545920451	0.193517656514081
GTEX-13QIC			-0.0212524855309938	0.0320969389470837	0.0916174258188152													0.167832738394842
GTEX-13QJ3			-0.093644620430571	0.150645449657454					-0.225308454585522						0.212773569570036	0.0766822275061314	-0.0508161823920929	
GTEX-13QJC			-0.0224477991862952	0.00896294687804758	0.0275980775396277	0.284147108506488	-0.212831034725869			0.0180769793230593		-0.158305990837681		-0.0989612438575589			0.38831449839324	
GTEX-13RTJ			-0.0266560678132931	0.0390268634396402	0.304203635906934	-0.582354450916827	0.0631891561606347	0.0223947418814916				0.198777059040544	-0.10231214724121	-0.115159980918385	0.402882548864657		0.22060958566055	
GTEX-13RTK		-0.234395080767607	-0.081227966057522	-0.0155526185452729					-0.376642959785717						0.0297517735812445		0.511673501185474	
GTEX-13S86			-0.00969939173180063	0.0345783590678689					0.0843069269102435								0.0210737679661415	
GTEX-13SLW				-0.0478192538061105	0.111370562713266	0.125459832292119	-0.312274399878566	-0.135159661720238				-0.217313330493898		-0.111307332664272	-0.0271162567217327			
GTEX-13U4I		0.00837568615432849	-0.0335679235669984	-0.0874463726084471				0.098289489444419	-0.0913839103951813		0.241803153877983			0.168182710567365	0.0299035924838895		-0.293302382341431	-0.011914393612624
GTEX-13VXU			-0.0994060256553316	0.0303964141228845		-0.52495849100014						0.527156477069532		-0.297778302864189	0.327829723511076	0.0650739331107967	-0.149490160482836	
GTEX-13W3W	0.0794130343701343	-0.508480645166222	-0.236874451308697	0.0609966973315112					-0.0372681689512753		0.0373285724516229			-0.10904070782233	0.526282748408546			-0.179113215513716
GTEX-13W46		-0.273026546141405	-0.0396157470956032	-0.00787684343807049					-0.169453059982						0.227991801718314		-0.0706553645727534	
GTEX-13X6H			0.0140474165847616	-0.0514233989190362					-0.305128267487345		0.100387330742678			-0.283161526449951	0.503757934013564		-0.480665439691397	
GTEX-13X6I		-0.204549848834413		0.00121936920744385	-0.194106427434105		-0.0253987791350986	-0.152742847244619	-0.116294992064406					-0.0811009876022658	0.4931259731672			
GTEX-13X6J				0.0546105799073842	0.0722774776000344	-0.274935311812094		0.164857898369772				0.16809009329866		-0.00961648549933222	0.138067815795586		0.0320233506667483	
GTEX-13X6K		-0.349190681695436	-0.0673284868368545	0.0189339523878337	-0.129273665771488	-0.118953394913069	-0.21867790667392	-0.196536824214512	-0.0778944493844944			-0.072148920847708		-0.511198510995943				
GTEX-145MF			-0.0824202214948418	0.035044706002883					-0.163240224418897			-0.257781639796175		-0.22991262883018	0.155534343921461	0.0259074357224888		
GTEX-145MH		-0.240046875884775	-0.027137593352876	0.0270554185130724	0.107907312121966	0.0124404588914477		-0.1189900504233				-0.122282889767708		-0.0578215299052437		-0.179875060004168	0.173271309779158	
GTEX-145MI				0.150896086124641		-0.465644700390029								-0.0345556580539257	0.15624600935071		0.464329673869352	
GTEX-145MO		-0.124411826953261	0.019636358507113	0.0420524520497297				0.0968945597087402	-0.14845921614583		0.0163801696605665	-0.300529880523279		-0.229951985813548	-0.0054974120288618	-0.345420750705037		
GTEX-146FH		0.00784533541582172	-0.0704384096536954	-0.0521423380516864				-0.36484661287836	-0.232605191272459						0.00112172924120036			-0.524343477248961
GTEX-146FQ		-0.0983087727509198	0.0836777843158271	-0.0244224227169979					0.0444181600948512		0.0056691763785215		0.183917970394253	-0.115830151542897	0.00172646999517666		0.165409647541121	
GTEX-146FR	0.116996062570072	-0.0125968848170986	0.158847078833517	0.0554509549722358					-0.0474533372306143	0.258055114390855	-0.0247195546059447				-0.121537797783567		0.521238587187195	-0.159824349540962
GTEX-14753	0.449317563967392		0.0451864452584163	-0.00684267701262411								0.0444128740900566		-0.162995368869945	0.125923492218557	-0.253294198501476	0.183643113003381	
GTEX-1477Z				0.0187033453206759	0.0209905117499866			0.260964708916263				-0.0188390633419621	0.0353866871536439	-0.195244807103729			0.0227602588792936	
GTEX-147F4	-0.10969183699185	-0.557780135399691	0.0788625484434334	-0.0330718923172501	0.0338431560181833							-0.068345399914935		-0.041305739021498	0.323283229734231	-0.122521255421613	-0.104733290104063	
GTEX-147GR				-0.00508661107357485		0.323240153609177	0.421610291286696	0.21107156932204				-0.293033599200017		0.109990073012078	-0.342722173284461	-0.0117516808533684	0.0228541926816748	
GTEX-147JS			0.00283282777155499	0.0609059078270424				-0.0976451409140387					0.0584022546037633	-0.160576864782722		0.00333165267073664		
GTEX-148VI				0.0461888054487694					0.147316954605593		0.12993741048419				0.831307975655508		-0.483652778542991	
GTEX-148VJ			0.0754985732873794	0.108458750146237				0.133673634918048	0.151682879903014			0.221822410945131	0.104742098071193	-0.178906803688213	0.454533592639642	0.0628248532100926	0.0326991096331876	
GTEX-14A5H			-0.0415528471353066	-0.00666578815066996				0.194035312615339				0.0787296171989121		-0.000144335542130086	-0.129321413882548	-0.000879466317013439	-0.0416704533591732	
GTEX-14A5I	0.0888690632273151	-0.197714445345366		-0.034433086655954				-0.232662422795009				0.340334483709211			0.48643927110225			0.143665078541029
GTEX-14A6H			0.0113649479164966	0.0571144787359895					-0.49101470320936					-0.171196727244642	0.216801401232467	0.102201975908805	0.2858118276612	
GTEX-14ABY				0.0539865308123072		-0.0785241524520968						0.0266952953477325	0.272202423328881	0.0166595221435245	-0.039344750185881	-0.0496545043872012	0.399587410319329	
GTEX-14B4R		-0.145236995948541	-0.0359581032963846	0.0221341355725605					-0.0639658924903982	-0.180428899114292				-0.117475442337649		-0.0405768953255014	0.185412275775591	
GTEX-14BIL				0.0704464261019341	0.0832050517106354							0.0429517365118095	-0.0176970234462308		0.117687302059955	-0.00273136193120024		
GTEX-14BIM		0.112416949517586		0.0608178781678942		0.184298719954315	-0.0482711385460871		-0.339906580238488			0.141701588624152			-0.0349156805958459			
GTEX-14BIN			-0.0049624791635734	-0.0241384812684174		-0.0977313830313826	0.225038244484624	-0.0339721296657834	0.0405449106246035			-0.243755666339556		-0.251141665369556	0.199093135231507		0.12653700558042	
GTEX-14BMU	-0.324701688661234	-0.159937544688616	-0.1660814591593	0.0489851803201558				-0.460468557804722	0.196045070178985		0.100842151332404			-0.35697322587511	0.306184850323338		-0.266553141423076	-0.0366529428494751
GTEX-14BMV		0.0274126709907437	0.094992116984345	-0.0480804596298753		0.101261331285485						0.357785728108724	0.0917597520883062	-0.103596491372839	-0.26194790691558		0.732129354484475	
GTEX-14C38	-0.165058060540447			-0.0558714567463179					-0.120815262096759					-0.308277977335792		0.0731896403984414	-0.462431532350459	
GTEX-14C39	0.0628092203667937	-0.00833126029078216	-0.107424745747801	-0.0135880960144068		0.0420565585091308		0.102953824905615			0.00670260061088697	0.0525322133459417		0.179465980920113		-0.310997814695112	0.269065491870702	
GTEX-14C5O		0.182532507491207	-0.0740721687388546	-0.0312047390100778	0.0300890651111127	0.162771473470914	0.164506690441272	-0.165467247987226	-0.276491553744056			-0.147288498912625	0.0808104547494516	-0.553237033269279	0.647104323708991	0.0292864289603079	0.0681189937335124	
GTEX-14DAQ	-0.0968280599990289	-0.0218959170171974	-0.0634020006808323	-0.010502202259387				0.186557316671835	-0.0997251228557079			-0.293234932681782		-0.363771633622677	0.336906792985944		-0.200721689130415	0.286506462796185
GTEX-14DAR	0.173630727352877		-0.0495355977584733	0.0983863985336093					-0.152958884410973		0.138304743342664		0.0861131088944731	-0.366347142605944	0.55751336534987	0.33984991337749		
GTEX-14E6C		-0.155967960044879	0.11452233732133	0.0929900959416273				-0.15466682193184				0.308075049958789		-0.0137566359840504	0.403647566449546		0.426181882215236	
GTEX-14E6E	-0.0752470802480649		-0.0774782927525352	-0.0238292134276644				-0.110920716329603	-0.0705933003700532		0.180890988000878		0.0877936580179978	0.0463149845136761	0.625681703511325	0.0374855022275705	-0.260464270385421	
GTEX-14E7W		-0.0377961756753198	0.0160154092701835	0.0309490280582662		0.0917126976650669						0.198324326931671			0.392686711637439	0.0364609760774978	0.111224835849752	
GTEX-14H4A	-0.163887474455179			0.0351928667688213					-0.172888974226869									0.0268895744841543
GTEX-14ICK				-0.00513517828737275					-0.055818200260558				0.0961964318706197		0.358420990306413		0.080300668594882	
GTEX-14ICL		-0.420991797156672	-0.0830857787609066	0.0105627205941017					-0.45642303525395		-0.134025711098938			0.0553441419217095			-0.297966131491799	
GTEX-14JG1			-0.121654659886981	0.0556550266653992		0.0356645890167783	0.122547316361339					-0.146669642247325		-0.180865332017943	0.174136836934636			
GTEX-14JG6	0.388991864508857		0.102327055830446	0.0273409111003612				-0.150265170565373	0.0605999515485596		0.0356699425704191				-0.197441368348485			0.196171326249617
GTEX-14JIY				0.0530466453455942	0.428602095397788	-0.137873299131793			-0.0083285557297251	-0.0713656838714856							-0.238937258847874	
GTEX-14LLW				-0.00143833584275051								-0.252712084881736		-0.0759880879326444	0.29004670924627			
GTEX-14LZ3				-0.0119741486889821	0.113910097416122	0.0578745568916703						-0.0373310942568725		-0.272866828048787	0.46213672530239			
GTEX-14PHX				-0.0464624270905663				0.225762620347162			-0.0685510102411751			0.0250776943551332	-0.226201912199925	-0.271811202689567		
GTEX-14PII			0.187794165172239	0.0478413113106632										-0.406956470866871	0.200059297723694		-0.277219933687635	
GTEX-14PJ2		0.0987862113566638		0.0231122475956591							-0.0514637661158753		0.0117456750893581	-0.267537272730611		-0.114790143188799		
GTEX-14PJ4	-0.223317852580588	-0.0380967500193437		0.0406733150721085				-0.351720804796838	0.0533232520620337		0.101596515940553		-0.0404272360838141	-0.492764650848075		0.0581846728286639	-0.284920843132474	
GTEX-14PJ5			0.0233519311597439	0.0701300711529473					0.150265466262741					-0.669293771964368				
GTEX-14PJ6	-0.050932274760814	-0.109666362626833		-0.0359826938380442					-0.0328960945551765		0.338803935291308			-0.268565449434767	0.346598583737397		0.0838053942594689	0.114721304133227
GTEX-14PJM		-0.0318922525632839	0.0349188409604494	-0.00186225675047841	-0.14119174705167	0.292264610116998			-0.0331306146924004		-0.321780709147105	-0.195502873697204			0.220212816194915		0.32212662620248	0.255523850158667
GTEX-14PJN			-0.171556580115191	0.0197994278128605					-0.217361006702203	-0.402519499546138	-0.013900552830921			-0.284469763659486		0.104773922084248		
GTEX-14PJO				-0.0700157686475143	-0.110612344855863		0.841845791698325				-0.00929660172258934		-0.0396365756989252	-0.0834828221070426			0.0861929214135604	
GTEX-14PK6	-0.108605966516469	-0.0499495237346137	-0.0630873158148507	0.0324157145589771				-0.529057693902566	-0.00789918165142356		-0.00910428224487755			-0.113815933718012	0.113616537992558		0.0193617294997459	
GTEX-14PKU			0.182449367735761	-0.0604690136035987							-0.0293191800310699			-0.0392958246459328			0.501158577923951	-1.32230126347982
GTEX-14PKV	-0.338111024212414			0.0110927527233485				-0.189936802341548	-0.0466163398306039		0.0809879704369931			-0.12695122231484			-0.330564939865904	
GTEX-14PN3	-0.0120865784150955			0.0144758635488118				-0.274328924976474			0.140525360627408				0.595267282126368		-0.122147584399644	0.53756448948881
GTEX-14PN4			0.0809280408925002	0.0114525524610848	0.0387859276143645	0.3124934673102	0.552567936755026			0.323645262527614	0.0694514466510091	0.185835078776169			0.122303499666729		0.0472035433399316	
GTEX-14PQA				0.0146856160460172	-0.365892062529173	0.0348396763678319						0.325399712037107					0.696960376202187	
GTEX-14XAO	-0.15113372749027			0.0747069675929639										-0.228410572498506	0.990767836152029		-0.246015794699112	
GTEX-15CHC		-0.307828777549494		0.0657197891666024						-0.764059441689725				-0.306339608339443	0.529836089868682		-0.0729242994585472	
GTEX-15CHQ			0.00914340686003719	-0.0396607582047538	0.101057495170457	0.134413848775496	-0.0643052951303047	-0.274112752531022				0.093753388115023		-0.391736776421788			-6.42980652337186e-05	
GTEX-15CHR	-0.150325271211054			0.0443120760989782									0.04952024935683	-0.22904831363631			0.0410104516212539	
GTEX-15D1Q			-0.182344021721882	0.00681517527523171										-0.127359575040126	0.118284864486233		0.168875289472271	
GTEX-15DCD				0.0350224935688255	-0.0188608034712996	0.24733274634833	0.290271931305673		-0.438021953461406			0.0811248776020753			-0.128313479903746			
GTEX-15DYW	-0.112179168101249	-0.0883861705761486		-0.00682574439449685		0.0842940454435708	0.807752682192571	-0.201855678368417	0.0214176292424773		0.216951736986165			-0.133776135856818	0.223807942009088			-0.0581106191625848
GTEX-15DZA		-0.101850476854843	-0.108336240024293	0.0445181928586271				-0.166737812663536									0.199980277652978	
GTEX-15EO6				0.0158741429084176		0.471147482967073	0.228068218927832	-0.0552744088256684				-0.0778647967973298		-0.112595247252368			0.224108593781748	
GTEX-15EOM			-0.0352647052923268	-0.0161321626392897					-0.156541894561505						0.0659915419896794			
GTEX-15ER7	-0.110873227839717	-0.346143073871474		0.0577060416142775	0.131707551309362	-0.247244024396438	-0.116464090658161	-0.453132579921074	-0.0759283607688456		0.223878054486107	0.0875868586744132		-0.180938396869733	0.340568223482247		0.0491636306136984	0.218872319374533
GTEX-15ETS		-0.574419122522847	0.241531217429111	0.0588295456031613				-0.0772602773804112	-0.0387749612495492						0.122099312591171		-0.522065408568557	
GTEX-15EU6	0.0965398300989307		-4.91670686597369e-05	0.00837834923018909					0.566164445482669	-0.0143944650011354	0.0850682134405688			0.000556311646739721	-0.0950392034846448		0.44519708020344	
GTEX-15G19		-0.00994483484424292		0.0358115146928748	-0.0052729479785834	0.0358879110425399		-0.100126346127092				-0.165421187142391		-0.182778725811531	-0.070777458846884	0.0166344706906907	-0.124639117828291	
GTEX-15G1A			-0.0506060676391487	0.0150774131293438										-0.369728517230945			-0.357567333407361	
GTEX-15RIE				0.0463966140892485				-0.153612716368023	0.0804898551867874					-0.211923095311466		0.0143033029693081	-0.170344674485555	
GTEX-15RIF		-0.502107827039278		0.0323504235635773				0.108790052614408	0.18314797239117		0.142934472992879		0.307455214442826		0.188727967759282	-0.0680191819161171		
GTEX-15RJE		-0.204748356811127	-0.0235302753695902	-0.0256414383145079		-0.206993006943578	0.365537253044135	0.0293090071803305	-0.245968956525722	0.00535689684856111				-0.39344684791301			0.0836330784112537	
GTEX-15SB6				-0.0342975548566199					0.174514748220249						0.321688021272525		0.165399100241329	0.0440336448195337
GTEX-15SHU	-0.11388061770954	-0.179844867996608		0.114410268024544					-0.04152185059255						0.544213043946199		0.000183497409753087	0.0914168689529263
GTEX-15SHV		-0.0148336255437474		0.00979398597374966						-0.0152009773884268	0.0954264788540736				0.169132039204431	0.118707051744379	-0.290888003196951	
GTEX-15SKB			-0.0746842058837569	0.0531643428030517										-0.0278763006077327		0.120286649313558		
GTEX-15UF6		0.0641035492574457	-0.0800468656692152	-0.00113269604398834				-0.0877927681360619	-0.066094454904794		0.035723837514972	-0.0597174866740694		0.240467647198117	-0.348137863173658		-0.189278401349268	0.0418150955546928
GTEX-15UF7			-0.10790158770069	0.00415595404895022				-0.3467928182532	-0.405853441514162		-0.015513526458673							
GTEX-16BQI				0.0438466744830894				0.00368057990949827	-0.415514199960715					0.0784575926120304	0.140971640729844		-0.143527853877549	
GTEX-16GPK			-0.154949398431157	0.019274661489637	-0.102926068840351							0.144092882904934	-0.060677837290983	-0.282676213128227	0.356981323669974		-0.206363598349137	
GTEX-16MT8	0.119128276695193		-0.244486351029573	0.0814800912210596					0.195934740359557		0.0514093822362661			-0.375366849223004	-0.0297820953494103		0.206846969802785	
GTEX-16MTA			0.0553549362819016	-0.0160813572419608				0.364581933096872	-0.17427139960911				0.0951562680152606	-0.202058646423472		-0.121131911277419	0.102373511821271	
GTEX-16NPV			-0.184031643881554	0.0577406714870273	0.0486600182598581													-0.0501962359128169
GTEX-16NPX				0.0758381403409125					-0.0071462495572836					-0.413792153214034	0.37422663576226		-0.0949501491518327	
GTEX-16XZZ		-0.00156851720702193	-0.0319090638759786	-0.0151933515414002	0.0523116926082899	0.227918218024998		0.378223619051891				-0.220011379751884	0.0528657627899449	-0.3555233689112	0.700768642119568	-0.0214010296314747	-0.147622160377748	
GTEX-16YQH			-0.0768335839562048	0.0060219095471778	0.287227739718878	0.0978145881779427						0.0537243120289731	0.277553804281075	-0.225194665239437	0.191544684851623	-0.00616551757017145	0.108403090499636	
GTEX-16Z82				-0.0191827048861565	-0.186194397005107	0.244195602579375	1.2222641301514	0.0643182684144713	-0.272249564763698			-0.145168963854119		-0.22961730684294		-0.0144627800160714	-0.108857080412896	
GTEX-178AV			-0.0174294804687719	-0.0263728675786312					0.179585607637586	0.125668584777301	0.170543763819486		-0.0173657587621451	0.0931419288517459			-0.368414346236751	
GTEX-17EVP		0.00143396474463025	-0.00818775226147778	0.0015930886867903	0.287129288827876	-0.265527426655096	-0.0582408679475665					-0.165555653543779		-0.20199197116811	0.47881368019519		-0.201221336481193	
GTEX-17EVQ		-0.413488154680239	0.189244280720279	-0.0443711929976601	0.0669165972697286	-0.0117042431867041			-0.00342395456516631			0.242347889240624		-0.0763928315878002	0.377635917534886		0.789175567133397	
GTEX-17F96		-0.175511389949385		0.12465237187221				0.195330184564297	-0.16883591218673					0.027539446955669	-0.101259611849813		-0.123728818172645	
GTEX-17F97			0.207677292108384	0.0985902408639793	-0.178250620667096	0.763129978721148								-0.251335666036931	0.209019688477658	0.108650315470756	-0.0856922472822144	
GTEX-17F98		-0.0522207959163652	0.0493278540306738	-0.0715072236815908					-0.19721138893938		0.180683255793528			-0.523236088063882	0.557361474769883			
GTEX-17F9Y			0.105061754771603	0.001547454382066				-0.172910197454095						-0.164134571201248			-0.226459480297205	-0.0534133232772803
GTEX-17GQL		-0.0163894043110381	-0.0378173561517353	0.0392198226036326				0.017343822738675							0.822768244060196	0.256830007993931		
GTEX-17HGU	0.415570272407152		0.00268613161849788	0.059345337838098				-0.0529561724418339	-0.246860711671259		-0.0377247328302281			0.105070109510761	0.100371497132962	-0.115936219763368	0.257769943439556	
GTEX-17HHY	-0.106927281258029		0.19044646760265	0.0168381343578869		-0.26571436738056						-0.187422638387032	0.128793628205254	-0.279261366726759	0.25089735891898	-0.20530174471672	-0.0477538511848368	
GTEX-17HII		-0.322008685338772	-0.120223734010802	0.0319138767657838	0.0510026767482243							0.234142236121924	-0.00097289083003476	-0.17242928236099	0.333311575547368	0.0908765029115562	-0.171733411532216	
GTEX-17JCI				0.0524287051792681		-0.658033096175128		0.546018514506688	0.0533937528397827					-0.0166588919268582	-0.0204969763830865		0.149972800498671	0.171808219103347
GTEX-17KNJ	0.21979390076604	-0.368345552929043	-0.242763248350252	0.0211879441262099				0.151070751404183	-0.18393484110317	-0.535750489079445	-0.0132694730910316			-0.371056655065714	0.15706897449341	-0.243208294340023	-0.259320483909598	
GTEX-17MF6		0.0597844740296959	-0.0649407600503478	0.0488158194935552		0.0107002426568494					0.148578129991915			-0.510937048326115	0.194861906621185	-0.237215475493293	0.077688071460142	
GTEX-17MFQ			-0.178376760502826	0.0759453192420038				0.491901054077776	0.0283152951906729	-0.281252898713848			-0.0358111284829253	0.0518506929688103	0.0328503655244516	0.0304176646657353		
GTEX-183FY			-0.0304312090413645	-0.00380324756322865				-0.0304081168391865	-0.103826399345381					-0.0188863897777037	-0.220458765870909	-0.159237241945598	0.435457061241493	
GTEX-183WM				0.0185505158754936	-0.204663393488792	-0.263134147817252		-0.114540448346053	-0.150984119997343					-0.108708575780344	0.325267471101424		0.359557587258941	-0.0914667312081738
GTEX-18A7A	-0.162131789080085	-0.142593000299443	-0.0510790670519419	-0.0176293694374321					0.00370078644668437		0.0504846409662825			-0.416940198557923	0.177695995757216		0.0719213621233612	0.309176716152607
GTEX-1A32A			-0.158179399679798	0.00952166217226123				0.12157560962427	-0.084823682956834			-0.0617938428832063		-0.213038382656324	0.0612709777623933			
GTEX-1A3MV	0.508465090423966	-0.0890138142495405	-0.0590016321710374	0.0920442091034017				-0.0276515485756418	-0.17104097030286	0.206757098437758			-0.30685233266703	0.0278482168695099	0.0422189169815812	-0.149868163969394	0.0809745226384851	
GTEX-1A3MW	0.128890078122844		-0.111637908748371	0.00802559156097583							-0.0597623622287964	-0.115325203635214		-0.273434780554997	0.0409251402151825			
GTEX-1A3MX			0.0361079062176105	0.0011284285451525			0.693360459616165	0.172707655401918				-0.303478852820917			-0.476154065911354	-0.290962693208674		
GTEX-1A8FM				-0.0874866952137364								-0.0941550647083675					-0.502547695530815	0.0108444529771674
GTEX-1A8G6			0.0731669544731176	0.0210321730669995								-0.119624663126338		-0.436891686523193			-0.342058874946466	
GTEX-1A8G7			-0.0166074234776532	0.0773372333327189			-0.000379575238992264					0.40167980214688		-0.022024663254874			0.141238834357184	
GTEX-1AMEY		-0.0645939806642142		0.0444160286332618					-0.0877032360844853	0.0917135794220238				-0.0551008256297506	0.281263781229485		-0.0165802189457512	
GTEX-1AMFI	0.60384967569834	-0.220293400847481	0.0921173015753503	-0.0108274893445212				-0.118274974763608	-0.312172332049978		-0.0690218852152789			-0.0424639279964438	-0.0437713004899474		0.212469130532752	0.135679496755692
GTEX-1AX8Z	0.0488113796651511	0.0570679895490355	-0.234185550840187	0.00323089818788743						-0.218419069966856	-0.123800583016313		0.150965412545701	-0.00216575086386389	0.272431988208752	0.00233704986025479	-0.00997528914430529	
GTEX-1AX9I		-0.283344227335466		0.0339913362900253					-0.0964009399742327					-0.141953829386719		0.199815595332905	-0.362661163303912	
GTEX-1AX9J	0.256990274820757			-0.00681020848868567				0.490453594244869	-0.118179512615171		-0.193687901877993		-0.0276297230007951	-0.00599335331733733	0.375027371805479	0.228212374081822	0.00788580434703678	
GTEX-1AX9K			0.00111577611906887	0.03042061404616				-0.324783192382198	-0.458235951276943	-0.145913761207149	-0.0849137449023993		-0.138678667115172		0.158512565313863	0.0521454056104275	0.0945268532704877	
GTEX-1AYCT		-0.261165616791276		0.0602212591232389				-0.528017863000768			-0.127029497674851				-0.040971961842657	0.0827059654584584	-0.122729510197201	
GTEX-1B8KE	0.150575468362222	-0.214527224132172	0.0746931632257621	0.0766936613222897				0.190243998311471	0.172892111915184		0.248198335113371		0.0798852830624201	0.0680369182725896	0.158640468644256	0.0968679541366312	0.0674658052861633	
GTEX-1B8KZ	0.524977087997942		-0.0403431104193527	0.0768065144050228					-0.0490634643054059	0.570278229834416	-0.0763460301311048		0.000747913414507106	-0.1249608935379	-0.118672941458849	-0.00638749373105685	0.233443078458899	
GTEX-1B8L1	0.00694353705791775		-0.0569876014302548	0.0304368044968504				-0.0962387017440064				-0.106164700961506					0.0392786958694675	
GTEX-1B8SF			-0.0186648305797454	0.0313126321595079						0.510155591732583				-0.142702818705207	0.0627312115429566	-0.142735648211424	0.0232092489841332	
GTEX-1B8SG		-0.0763261994599373	-0.105895532320845	-0.0568774974048462	-0.448924592298588		0.139965020258493					0.535176144279871			0.519690864899113		-0.312355771432744	
GTEX-1B932			0.10044569869255	0.0207191266394332				-0.113710713027869		0.0749012104683296	0.0832706658463436			-0.0303061931807805			-0.023969606672421	
GTEX-1B933		-0.342492584707525		0.0460871282097268		-0.185634017256038	-0.323166719259862		0.0479431234512729		-0.0118167978324724	0.486339906606975		-0.0626213833547943				
GTEX-1B97I			0.0396936533236221	-0.00682271601270081				0.197902484663444	-0.161998075804609				0.166077115781367	-0.210897273947651	-0.0636755496789299		0.0161610712995318	
GTEX-1B996			-0.030394804151204	0.0147624604166513	0.129833207189356	-0.312007867665721	-0.375880166084927	0.238029001591292			0.0225591870045945	0.341843043674171		-0.222058796698766		0.105196634802545		
GTEX-1BAJH	-0.104933547391835		0.12406263445727	0.063356671915562				0.0614524181557922				-0.358686600498486		-0.144079604915135	0.212942033761703	0.0227133829296776	-0.0799618929813208	
GTEX-1C2JI		-0.14377322015405	0.00997153882852281	-0.0333178071547507				0.249636980333155	-0.190533049300147		-0.0231108347839188			-0.385111678045928	0.528943311033498		-0.262186852345745	
GTEX-1C475	-0.27363807033088			0.0235515454585473				-0.459986392222492	0.219949270168713						0.629304427215313			0.210387860561241
GTEX-1C64N				-0.0212928488257175		0.00965197399576373				0.191449081759359					0.0241173044453367	-0.0507354873635891	-0.403139202509177	
GTEX-1C6VR			0.00217757126962039	0.00378962506168211											0.0732202558360111	-0.102372505117355	-0.145413259794138	
GTEX-1CAMQ			0.0633155577111569	-0.00287857653756631											-0.201237438650436		0.245784804861275	
GTEX-1CAMR	-0.480889965268495			0.0174188121324823									0.0905719490137986		0.188585631731507	-0.072237225868663	-0.243531210185057	
GTEX-1CB4J				-0.025547543990666								-0.180387067795269			-0.160378289788364	-0.20016023950492	-0.148617926612455	
GTEX-1E1VI				0.0336712572733188					-0.145854631003772					-0.233045406929763	0.379125980155207	0.151751715249696		
GTEX-1EH9U				0.00881698679795277					-0.0202703913828874	-0.336793715668263		-0.137987414861618		-0.0767267385280806			0.179727278277583	
GTEX-1EU9M		7.66489596346481e-05		0.0533285594187056					0.0774757889913244				-0.0528459029397978	-0.342415879826919		-0.00223310285880291		
GTEX-1EWIQ				0.0208253782196449					0.0106714259655915					-0.196830747025573				-0.0495561256927915
GTEX-N7MS			0.0539594037014139	-0.0571573889320674	-0.0432458705133528	0.0842965527501811	0.408881678556216					-0.0789511805952098				-0.155194149928583	0.414001081903272	
GTEX-N7MT		-0.458952350985261		0.0141826812002804	-0.0573979978734977	-0.203170975426578	0.125725242910571		-0.344300315374165			-0.222019377121965						0.0273674265074933
GTEX-NL4W				0.114190501417325	0.0570824678467856	-0.160741372500685	-0.0643483664711448											
GTEX-NPJ7				-0.0604500540899244	0.107017836418159	-0.215774525862007	-0.161474786281513					0.476449007860713						
GTEX-NPJ8		-0.0977225368958496	0.0473701855022622	0.0215178925732704	-0.0974900584739052	-0.141523302482315	0.150775459543918		-0.138128282113765		-0.0136554702053265	-0.2884157458049	-0.0682362450084341		0.616140756330741	0.138144752636436		
GTEX-O5YT	0.417771350292219	-0.207971642941568	-0.019262084540122	0.0569230831547891							-0.0571898129043717				0.231213367958628	-0.0244531267268635		
GTEX-O5YV	0.0673115463875642	-0.533359204445666	0.140655973358921	-0.0271660429951768					0.0491079925018514									
GTEX-O5YW		-0.462965798343519	-0.160068527743553	0.016558936321463											0.569898907522069			
GTEX-OHPM		-0.156183561044475	0.115422726936085	0.0497354207433121							-0.0114350980738705				-0.134140443118454	-0.139459456160419	0.15723413378637	
GTEX-OHPN			-0.0257268924041721	0.0086672997521864		-0.125587631832397	0.136767621758796											
GTEX-OIZG		0.00474305340476319		0.0159275045093754					-0.255492884260514						0.730846897275772		-0.186762830489952	
GTEX-OIZH	0.0681564520799628		0.158790810009461	-0.0367419762979963					-0.0972566564718124				-0.17414339335341		-0.106832962796647	-0.188290696260844		
GTEX-OIZI		-0.329553846372479	-0.279230376902975	0.0307466713149638					0.00417091782874576							0.041550013002213	-0.123463968635392	
GTEX-OOBK	-0.139200040514012	-0.0901702702525638		-0.015187875618982					-0.0426078498392728		0.153710414360907		0.147232328703335		0.364654475416299	-0.0162511090843115		
GTEX-OXRK	0.361301113625842		-0.298868255045346	0.0418668211064687					-0.205012515741268						0.0583049889300397		0.0650994734032775	
GTEX-OXRL		0.0925110271822433	-0.0481898541822948	0.104818264721432					0.142040798646653						-0.792770137337781	0.0930533902261888	-0.0815479583141963	
GTEX-OXRN			0.024256321877209	-0.0041730016266192					-0.0544821195466593			0.156106558545851			0.0328683883972788			
GTEX-OXRO			-0.00341836324309805	0.0305703524003889			0.832627351709079								0.205784046476684		0.0322556562826468	
GTEX-OXRP			-0.0236273544262835	-0.0810260761684642					-0.0350298445161349						-0.0473970157724434		-0.353201955103986	
GTEX-P44H		-0.0730310994510043	-0.206269188833019	-0.0218646998064604	-0.179159436229186										-0.06091021236693			
GTEX-P4PP		0.0274101949915264	0.0977703609548914	-0.0153105366595016					-0.188535050154934		0.120206651473516				0.257660825189134			0.0160977927963677
GTEX-P4PQ		-0.116869585033327		-0.0130207390014355					-0.200148179274168		-0.0955560511007528				0.724538022810011		0.36257599375833	
GTEX-P4QT	0.516710388339851		-0.133441911115479	0.0201666702236548					-0.105961785207231						-0.177673243641528		0.281554224278105	
GTEX-P78B		-0.0930604879862746	-0.0482249033489084	0.104183254553458					-0.0185821197757591								-0.123656350183405	-0.311816913766697
GTEX-PLZ4			0.0759161416701531	0.018087059177879					-0.0610418054553462						0.108627715434888		-0.0547053144181643	0.0817100556323957
GTEX-PLZ5	0.267111637978694	-0.115808645112915		0.061211346042728					-0.0987212874265452						0.227157769980106	0.227855382835751		
GTEX-PLZ6	-0.011599814382895	0.00164907140240122	0.0235808510930753	-0.0549509001031466					-0.276465778591723		0.0820089300214447		0.115807545727488		-0.165582980465675	-0.197342651141311		
GTEX-POYW		-0.0339454004074298		0.273972021147524					0.501433642950019								0.125287804276783	
GTEX-PSDG		-0.0233090934736421	0.020701964047938	0.144268182138751					-0.0456801517198175		0.0151223026436642				0.276984473861238			
GTEX-PVOW			-0.0310979965026017	0.014180945061847					0.0481613981036839			0.0344485136157957			0.629893952768518			
GTEX-PW2O	-0.123157006860172	-0.429231057640344	0.010151182809758	0.0598366471181836							0.24389998359652					-0.0571731466103435		
GTEX-PWCY	0.1186178767058	-0.0419041891273193	-0.194742632526512	0.0785719388600943					0.115396334843949						0.313562167198498		-0.00422371356668769	-0.267295249211409
GTEX-PWN1			-0.0380125105301802	0.0340860833263738					0.0595067234406521								-0.348882164042544	-0.0774487564293949
GTEX-PWO3				0.0517470621178237	0.233426175345891	0.0941346450126809	0.09112706793024								0.0973114145162768			
GTEX-PX3G	-0.258952462045005	-0.228776323551523	-0.0542454677600324	0.012661385892323							0.0940395654957936				0.407426914315787		-0.0865361286785709	0.1327149580523
GTEX-Q2AG		0.054608861122557	0.0550324234672446	0.12501132102763	-0.146798872969503	0.123209346949206	0.0439009580210653					0.10565087501949			-0.132710096039309		0.0406464600738081	
GTEX-Q2AI	-0.0973516746496739		-0.110313261081761	0.028901254344741					0.0797538339142864		0.103882809112037		0.0622182691373782		0.0211059673941786	0.0810491881866334	-0.0195981329572352	
GTEX-Q734	0.0466841765048346		-0.00115070540591736	0.0228630243296576							0.0957780426849876				0.134594074981325		0.0370558452942206	0.211726833978639
GTEX-QCQG	-0.0931582849330731	-0.19910969915317	-0.0625578806389718	0.0285217708790739					-0.0825862151624207		0.178349602695551				0.433572417499349			0.180592815702085
GTEX-QDT8		-0.191904998136298	0.132803136490762	-0.00380505399266268	-0.126119006678987	0.131974102093846	0.223909972988681								0.300447000936073			-1.03030254506616
GTEX-QDVJ	-0.0681398558401843	-0.0372199054058195	0.113862819753566	0.0691809282617735					0.284005410387873		0.15108611737654				0.082093914710087		-0.178222416078555	
GTEX-QDVN	-0.0905652043165964	-0.187252797886633	0.0155930496628681	-0.0238900975207812					-0.348836388265419		0.0224007934718432				0.320833632792168		0.345215514405018	
GTEX-QEG4		-0.0368962891217916	-0.0503807366526424	-0.010066736862625					0.426946599060718				-0.00278633708766731		0.792168483207337	0.0837557940413989		
GTEX-QEG5	0.0281078715272748	-0.133832246048851	0.0348286042393937	-0.0624030152740874					-0.0409690348897326							-0.00330128689342839	0.0141039737297017	
GTEX-QESD		-0.353155610541545		0.00692251761237545					0.0427166669233451		-0.0873789155081561				0.503402998071063			
GTEX-QMR6				0.017857135275884	-0.168295035012913	0.25790673998874	0.319159347483099											
GTEX-QMRM	0.0638322059818617	0.163338260160458		0.056176944295494							0.0823003363128281		0.0662065351945128			0.0393105211259707		
GTEX-QV31		-0.290737120305272	0.0847234404099249	-0.0435540651109708							-0.137235775072441		0.48079839897988			-0.329737001673894	-0.0474705234324949	
GTEX-QV44		-0.709934131918072	-0.0419751394809929	0.0102106383768012					0.0528591375200232		0.103524814248006		0.0374256033641718		0.430448115322662	0.0890151818551501	-0.133382018584902	
GTEX-QVJO		-0.0868113521167848		0.0753943746392232	0.134095620786642	-0.419559830428234	-0.019101782318006					0.241887247287441			-0.0697413659213199			0.183713892625132
GTEX-QVUS		-0.125350671592582		0.0434981908101525	-0.102891664341687	0.194854185059925			-0.151806641331048									
GTEX-QXCU		-0.0884413388999118	-0.0726262140194804	0.0114788190961317													0.1401323866671	
GTEX-R3RS				-0.00949042272586351					0.0859545135430314						0.216621082410258		0.496472716475357	
GTEX-R55C	0.221710523990922		0.0783645892423144	0.0780043972392548					-0.0844331605255184							-0.0315345756205489	0.260208231224955	
GTEX-R55E		0.0109745523170116	-0.0340828065069327	-0.00531353147524147	-0.34086062195264	-0.172914627032523			0.0524859370459989			0.203963148888984			0.0787105306620104	-0.248942225648095	0.288840552640003	
GTEX-R55G	-0.342028560722299	0.0280251457492231		-0.0104737945677869					0.126080215662145		0.154892217928938				0.593962665628467		-0.707098706617836	
GTEX-REY6	-0.094726457879193	0.0659482939649699		-0.0182099149037755					0.508555565440259				0.0735149566080483			0.156706793592243	-0.270457346022318	
GTEX-RM2N	0.0503643558254953		0.0802372487994265	0.011485705086535					0.165277082037414		0.13163728877145		-0.420981243851059		0.800250211490894	0.120743620257056	-0.0465101957722944	
GTEX-RN64			-0.0831520206424466	0.053969709113354					0.32363972025495						-0.14367284665174	0.0883242300764444	0.0781854853084131	
GTEX-RNOR			0.0150000369751661	0.0155895282167133					-0.161352156775143			-0.152981418184555			0.0156850570604685		0.371115947383656	
GTEX-RTLS			0.089589115957213	-0.0277022237294548					0.136516658489457						0.448417764932123		-0.106631261991417	
GTEX-RUSQ	0.126607259524423	0.0118969409541272	0.0136305812846097	0.154143154929161					-0.164089110239044						0.422005990281178	0.205152040851607	0.186499050806635	
GTEX-RVPV			-0.265811388783577	0.00186245572181156					-0.315894139987186								-0.360341727979831	
GTEX-RWS6		-0.32659950924602	0.113209610607759	0.0287874201837699					-0.442199825229773		-0.00197073562664685				0.0339140388142661		0.219916548776819	-0.109972046309693
GTEX-RWSA		-0.333958230179461	0.050399663753483	0.00952615883343244									0.0646520913338791		-0.0182155332217911	0.0106298060772979	0.224869691488655	
GTEX-S32W	-0.177635591984906	-0.142998827121014	0.0218656363048771	0.0414875413337519					-0.168432221325056		0.0237188908213839				0.0677543277677507		-0.073031477843337	
GTEX-S33H	0.314490964954046	-0.311839658350505	0.152670559761823	-0.0530866737034324					-0.0462997721123249		0.019347035572292		0.112395483378064			-0.217973325965215		
GTEX-S3XE	-0.245372848808605	-0.00537724414366664		0.0595480456047414					0.0745464432383875		0.141913964169217		-0.200885260190377			0.179813420357038		
GTEX-S4P3		0.0253528548699783		-0.000332463018544336					0.22806169483109		0.0845240793293348							-0.105791714909806
GTEX-S4Q7	-0.167216058237763		-0.171321798792941	-0.0081389778746082					-0.0474069191126027				-0.0505192271291261			0.137175958606901		
GTEX-S4Z8	0.0478409068477312	-0.236190788319203		-0.0349569158736663												0.0150736938709916		
GTEX-S7SE			-0.0798163203121918	0.0167010930814067	-0.159001530511954	0.243639888918582	0.412332195112539								0.3176765855595	-0.352095080564531	0.53602169687262	
GTEX-S7SF				0.102358670101389					0.0976602564472971								-0.0742378780122608	0.0780501918742627
GTEX-S95S		-0.319871827537955	-0.187693607818853	0.0155940442978593					0.171489399048308		0.236058679992568		0.101552205778278		0.506743556961782	0.210121403086629		
GTEX-SE5C				0.00824011139966928					0.129289228041851		-0.16094045754806						0.236809918750701	-0.322013383444188
GTEX-SIU8			0.0524947420190022	-0.0451554620101438											0.200331483839343		0.546927119342247	
GTEX-SJXC		-0.14211401124357	0.0457312914751017	-0.0463728996690866									0.0435566282016737		0.542137309469239		0.317001563560825	
GTEX-SN8G			-0.107324652367381	-0.0242476177894881											0.91412195656211		-0.00578290930853018	
GTEX-T2IS			-0.0289510671484207	0.0414363314267297		0.000531593203304596	0.143770798738822		-0.282783062855508			-0.0241952381778628			-0.263460288280158		0.381441006185931	0.0165148428577362
GTEX-T5JC		-0.235492213612791	-0.105914082117206	-0.00365391659359711	0.240227860676322	-0.0698943665858853	0.304738887959346		-0.196271835052033			-0.186935361907476	0.195920342050254		0.0543553205928366	-0.260314558980467		
GTEX-T5JW				-0.0670186621281337					-0.116163542460575		-0.275950277806751				0.807522120791914		-0.174559414060195	
GTEX-T6MN		-0.332502463222536	0.030959713886181	0.0816848581080389	0.295460367706492	-0.0819189155398119	-0.138604752765957					0.0457682146457611			0.364113905330267	-0.0510342284127044	-0.00203835212840153	
GTEX-T6MO	0.352269621297138		-0.123067783295066	-0.00078342537475997					0.000701703217696997						0.0479135229177262		0.00104921480915982	-0.547070442599307
GTEX-T8EM		-0.0186696366351846	0.0230168674637918	-0.0213976001968892					-0.447648807762998		-0.0300497228338282		0.269236157536045		0.0106284601491701	-0.103517531925636	0.0207993300857087	
GTEX-TKQ2	-0.134661382886037		-0.0707303690694895	-0.00540082239622828							0.00671709488183847					-0.0918292971114748		
GTEX-TMMY	0.143407717976326	-0.193677234948314	0.0880716902734792	0.0602754364403459					-0.370029275529975		-0.0246880547437256				0.170577720775806		0.230682105201114	0.13050615640388
GTEX-TSE9			-0.0476772130774041	-0.0273142977272961	-0.0634521423491674	0.62209596250416			0.0247830483727036			-0.100265441235691			-0.283270315345474		0.367764081401087	-0.418687159364023
GTEX-U3ZH		-0.127538856628757	0.0405114685263013	-0.00266111219745198					-0.35328400532018				0.0712499787571541		-0.22846057637507	-0.185704977698337		
GTEX-U3ZM	-0.0760252562313999	0.00307129684731182		-0.00600605015108303					-0.0249952645609271				-0.0387868660465156		0.306507663477416	-0.0630832621222377	0.0127938209975782	
GTEX-U3ZN	-0.497998309611052	-0.471413492982683	-0.055525239339839	0.00575887917322256					0.0391161947268207						0.702644507808036		-0.251126995082317	-0.120631411433696
GTEX-U4B1	0.45000267400339		-0.0573459721711846	0.0195966897481398					-0.0857086098777035		0.00735203326076146		-0.0397023630157039			-0.105737566616276	0.26041963065686	
GTEX-U8T8			0.0695690258786951	0.0450674363075425											0.382396476167376	0.177467233203678	-0.070252842752862	
GTEX-U8XE		-0.12425360266037	-0.189910126889393	0.0023732133081008					-0.180792916535839		-0.0270081177738353		0.210831610637664	0.124946068391537	0.105757743347121	0.0747479432100312		
GTEX-UPJH		-0.22773027844792	-0.171325104281124	0.0188345303414843										0.00861609193908372	-0.187369427420739	-0.0539132059067382		
GTEX-UPK5		0.0490816809092396		0.0606086006090022					0.0384138420628511					-0.066776988180448				
GTEX-UTHO				0.0547884073410968		0.101320056229953	-0.328228454625312					-0.43562023144903	-0.0548480697534522					
GTEX-V1D1	0.272957415442953	-0.0989955809002214	-0.0631658365847713	0.0932887947481196					0.309086835982473		0.131563464106131		-0.0331734234835107	-0.219277562238261	0.254856764826629	-0.0511323263528919	-0.315689467916282	
GTEX-V955	0.0294602834083079	-0.462295309313367	-0.1066950082501	0.0258966355610292				-0.00309157984644777	-0.135584640612474		0.0550492239713446		0.522008759998168			-0.0650126463754351	0.108916453260788	
GTEX-W5WG	0.0649067732760265		0.146209943899116	-0.0114349668004908					-0.0541329835041211		0.0847774395061381				-0.156583100036952		-0.293054308395387	-0.129426383668615
GTEX-WEY5			0.16590237295255	-0.00639528331756228					-0.00975050712066022					0.00971258856985935			0.0625560945667085	0.196325957499243
GTEX-WFG7		0.0703034335560729	0.00831811144167674	-0.0671710449195351				0.23150414355871	-0.16596897125904		-0.116533215727032		-0.0202841602378075	-0.259972699960695			-0.00644403951428971	
GTEX-WFG8	-0.48203840854528	0.0257178245385196		-0.0151902760005493				0.158918589608911	-0.0513502539016562		0.149231880232304		0.0629916839969077	-0.405448271390036	0.93254699128006	-0.0126985592588593	-0.164166366713618	
GTEX-WFJO				-0.0247349760680813					0.0780866303057219	0.113161204408885	0.103724825739167						0.382188335064306	
GTEX-WFON		-0.355972812952247	0.112840578095992	0.0899575947728902				0.127055501781849	-0.168669920125265		-0.148069858849158		-0.0732546074151928	0.086129733681307	-0.217055650280569	-0.0307469367968395		
GTEX-WH7G		-0.092362178569663		0.00777966013522961					0.156418957725847	-0.0336392894308615	-0.303503980812236		-0.0223750493178354	-0.313084421187827	0.433354998219587	-0.0644693295783981	0.420276996703127	
GTEX-WHSB		-0.268030511825188		-0.000294309038738151					-0.336293579966265	-0.206931781938755	0.148996515965723			-0.225417189778879		0.236651932031665	-0.010581199264546	
GTEX-WHSE			-0.104801071339602	-0.00948035517823029	-0.0535465577279209	0.232379937718171	-0.329088974557085		0.499730972823524			0.0298324523929649		-0.0109585485951008		0.0585368706611063	-0.321959753301337	
GTEX-WHWD		-0.0998808433545964	0.0515362496029344	-0.036083756378929				0.0117852028274487	-0.284690868234896		0.103714926050072			-0.103111136433565				
GTEX-WI4N				0.0347143029242057				-0.351181953608252			-0.135207878288677			-0.132384363114204	0.169751402294367			
GTEX-WK11				0.0189774570484032					-0.213521451952752				0.230069962370142	-0.406943225970614		0.0576200136747515	0.0205248141199106	
GTEX-WL46			-0.097584406918665	0.0312737108487144		0.24100191471751	0.339668912062019					-0.326994371284787					-0.189771952371248	
GTEX-WOFM			0.0342295853132698	0.053802457014917					0.0522902714175668	-0.302172970985217			-0.00303745448112877			0.19952816325446		
GTEX-WQUQ	-0.0141456194621388	0.185989924340609		-0.0255928459965098				0.210332302193169	-0.409191339035722		0.00378374819450134				0.295043372251348			
GTEX-WRHK			0.131193339970654	-0.0158436782910655				-0.604219231532594	-0.0174801220225645		-0.0515424085597196				-0.23970131748905			
GTEX-WVLH				0.0119517149732984	-0.143987259947632	0.48241964853464	0.0660882975164076		-0.302818718824901			0.0108890995926855				-0.249706502396979	-0.00416509233178649	
GTEX-WWYW			-0.227905452563931	0.0681364195690361	0.0573215014064987	0.21479196976517						0.0781597587608338					0.156512618682906	
GTEX-WY7C	0.268785421214759	0.188353249819485	-0.0163970176092348	0.00657621285700375				0.281927200706721		-0.259471127498235	0.0242121221348951		0.0461229648277587	-0.0760051981840542	0.190271068514521	-0.133974677992777	-0.193760618114648	
GTEX-WYBS			0.0962259999662966	0.0987535705119834										-0.385877244370781			-0.241946451427783	
GTEX-WYJK		-0.188180364830053	-0.0178846177238529	0.0232735740611309					-0.0562082557129028		0.00367618236825662		-0.0820161422374875	-0.127073869660662	0.0939589375386985	-0.044643342402852	-0.0404904177742805	
GTEX-WYVS	-0.13366749868998	-0.0467976773048589	-0.0372249646056175	-0.00735209604397292				-0.127941555771139	0.107168919042847	-0.195813689541717	0.134106404295142			-0.285651439792365	0.180641527136318		-0.106130363917636	0.357388553858745
GTEX-WZTO		-0.245608891394517	-0.171754194985187	0.0435621660937288	-0.118840812173757	0.132621456767069						0.445239602081785	-0.0461558414287095		0.200810503879293	0.209396680686579		
GTEX-X15G				-0.0280676694438783				0.0375465860132534	-0.109517494386479	0.335770320010412	-0.0198088847555657						0.297532210486287	-0.0216191119433824
GTEX-X261			0.198431635234693	0.0178930287831083	-0.222749898357849	0.043375120337048				-0.171629037031731		-0.173597584358048			0.157590939458552	-0.321408872640155		
GTEX-X4EO		-0.123894536126021		-0.00395234748981786				-0.0296985975352886	-0.0921095407304776					0.158847765380277	-0.183829569461224			
GTEX-X4EP		-0.374673303513065	0.200541927179984	0.147040556469063					-0.0373244848761404			0.212339519068192		-0.100546013165107	0.0919658525354929			
GTEX-X4LF	0.151166383998362			0.0809949429128954					-0.139186834371736		0.101506529343619						-0.0888805607380681	
GTEX-X4XX				0.0244006141640164	0.203126377078629	-0.0640754828624948	0.412819657880488								0.674334305429439		-0.0680525920584768	
GTEX-X4XY		-0.034475965292667	0.0333479984965069	-0.0430882802165138	-0.160988698127039	0.321079432438562			-0.876482501730545						1.49419175422751		-0.0230308238977722	
GTEX-X5EB			-0.0402035143732478	0.000542989328893594					-0.119361381754778	0.279166197880568	0.0355043516789591		0.0870183566868096	-0.59552398347575	0.627482009851659	0.000895895236575087	-0.198247770057099	
GTEX-X62O			0.0794952829630087	0.0101654828099261					-0.0816649413799768						-0.0354698002485585			
GTEX-X8HC				0.00744281127031548										-0.0944369350020545	0.129079087395608		0.0400229645856548	-0.176781794740691
GTEX-XAJ8			-0.0441929016130477	0.0886933757561035				0.107270347913729					-0.178389047951923	-0.225900103377428	0.471037347716096	0.0561217169494398		
GTEX-XBEC			-0.0743247024460889	-0.0425874018366173										0.0638776631700589		-0.408133171806202		
GTEX-XBED		0.134189639101107	-0.0740875790307753	0.0150811690896909				-0.0733689003611708	-0.0222172886953471		-0.00672114732495387			-0.390458287411844	0.513800073752072	0.0919034555843829	0.00258675707429621	
GTEX-XBEW		0.0227157666624766	0.0011061790138191	0.0622866998950082					0.482480763318713		-0.0516417701861657			0.151431378662744	-0.302523571437826		0.243368367649062	
GTEX-XGQ4			0.131253374993428	0.0030293333511786					-0.0867924448402929	0.169053490809877	0.0794706632347146		0.0873021003741792			0.00527227581834738	0.294839602456707	
GTEX-XMD1				0.021424083056715	0.0308153435706684	0.342438494516971	0.256821647760067											
GTEX-XMD2				-0.0247571929335023					0.0955916026248156					-0.712798549737815	0.472047036074382			
GTEX-XMK1	0.0843606214418244		0.0760468014181463	-0.0240427323386984					-0.354249206621801	-0.474640915618185	0.168748290745581		-0.195318828548035			-0.235238191354811	0.213867038633855	
GTEX-XPT6		-0.0417252625659526	-0.0802881043080085	0.0188775826808147												-0.139852237038539		
GTEX-XPVG			-0.063706945988158	0.0807681348327634							0.0612466465049582		-0.126958910501622	0.0533521947202998	0.147158825025002	0.107172887786807		
GTEX-XQ3S	-0.0295172039032502	-0.291701374919601		0.0103861390653113					0.0916406163628432				0.075531139518396	-0.115189302343152	0.440291367587252	0.0324741544207517		
GTEX-XQ8I		0.0328551167852483	0.0677445146919353	0.00714497197787971				-0.180227892000903	-0.0409855956389078		-0.174557710055758			-0.198267499462385	0.594411837289014			
GTEX-XUW1		-0.0582135878133154	0.0235492174655032	-0.0167961560559489				-0.223771164441695			0.195729855673048			-0.724038013697921	0.677739602745277		-0.371451439161869	0.439420211370557
GTEX-XUZC	-0.28700511325959	-0.135619203920674	-0.173554866380325	0.100993916307379				-0.236851876043994	0.0388281511590356						0.856988130182406		-0.303162771924282	
GTEX-XV7Q	-0.180640201249463	-0.57857907624698		-0.0434520474840496				0.166559935487341	-0.0530059016253337	0.196450284414175	0.148953253793911			-0.18766405511184	0.392393089927233		-0.149560475496854	-0.186609998747448
GTEX-XXEK		0.364464583313205		0.00184509805852335				0.0959183034034609	-0.100164011463835		0.0938346066985641		0.164363810335431	-0.1949345352504	-0.131449028633623		-0.423406978896941	
GTEX-Y111			-0.127026446835454	0.0936519636787838					0.0900827015884965	-0.513938269226426				-0.18684347554869	0.482593900255777	0.0266192915078101	0.207365251198056	
GTEX-Y3I4		-0.30936227262218		0.00905669096488525				-0.228655257537	-0.135696463255333	-0.637363190134151	0.00977992882421005			-0.142454867762173	0.553003269261648	0.0943519181106873	0.1905452343706	
GTEX-Y5LM	0.412440517713139	-0.341178493359075	-0.0497081691668353	0.0113259625339917				-0.403777466567429	-0.00321647825292098	-0.0427798658954139	0.0274981140237207			0.164671791751341	-0.0366365389083411		0.062685954755074	
GTEX-Y5V5	-0.158156386895391	-0.311800000181129	-0.0826362449758575	-0.00513379634662765					-0.171351068121453		0.0993296072782645			-0.23828307547612	0.102829240197926		0.0532033528038821	
GTEX-Y5V6	0.00615793816561354	-0.275374023178031	-0.0169525999389421	0.0186770703950121					0.129832490242536	-0.197692400788752				-0.259432574519459	0.62668485918955	0.16197869214027	-0.0807743121932868	
GTEX-Y8DK			-0.000952297460435361	0.180879107110865		-0.109464808988665									0.264461307092865			
GTEX-Y8E4		0.0128015815971103		0.153706557224515					-0.162185678962501		0.0479322226037497		-0.0318943575259483	-0.373755199761817	0.399301179949596	0.0897925578141691	-0.0778569331417257	
GTEX-Y8LW		-0.011496839912411		0.00318001627884499				-0.084055823188049	0.0531119085231099		0.0799104601327127			-0.0625444985792424	0.617000209509135			0.185164573771795
GTEX-Y9LG	0.171225584239806	0.0333288736816915	0.0385238540757192	-0.0429606373517401				0.49946879457498	-0.664848300705836		-0.444903384983581		0.00214760172440695	-0.808698244475474		-0.25044031486858	-0.0566833983105344	
GTEX-YEC3		-0.183269474893671	0.0628122358484041	0.0301748066327182				-0.166369744345939	0.139171679862676		0.22526747547551			-0.412084025368861		0.143719666847997	-0.301026847540295	
GTEX-YEC4		-0.236209366608297	-0.0827030468553988	0.0408814701693336					-0.341219847425438		-0.1835985816097			-0.103223434872628	0.398964019324206	-0.195120362614389	0.509173510191099	
GTEX-YECK		0.00629282800304136	-0.0482674309911951	0.0222087298559505				-0.00236553636210063	0.0995054443930366					-0.212668637361828				
GTEX-YF7O	0.0781651633518079			0.0672450409036782				0.23243962864267	0.0242947116322905	0.22251680388228	-0.0731143267318091		-0.051775613410511	-0.102084909382927	0.0167182235815455	0.0545027676971848	0.0553845115733929	
GTEX-YFC4		-0.0431963797729684	-0.0353954325146321	-0.0273264337412528	-0.18741128114814	0.17995257782103	0.13986778658619		-0.102819826957533			0.0195246561191914			0.46773014128663		-0.0706369078298908	0.0427121704165082
GTEX-YJ89				-0.0546495042123574	-0.096136139167026	0.209725183952981	0.167653662465776		-0.402294559265106						0.475624422367847	-0.119415640736778	0.399563286391816	
GTEX-YJ8A			0.135747965852726	-0.00237367952022764				-0.0144562024827175					-0.00641436462829198		-0.14286246169339			
GTEX-Z93S			-0.0199055699206866	-0.00793208474435045	-0.0868858968711028	-0.090836394585472	-0.0132261686634817	0.000541495085682964				-0.040039361902932		-0.213124254677254	0.295062805177549	-0.0146551221135091		
GTEX-Z9EW		-0.318362380754194	0.140929084603872	0.0528491792446517					0.0829433229408328						-0.00956878560593802		0.096965541355348	
GTEX-ZA64	0.177520678213659	0.0419118733967939	-0.0572562000178809	0.0931999693817272				0.061298131138282	0.0393977309657437	0.0602611177399541				0.250568541509124		0.0788640031828616	-0.178390991870768	
GTEX-ZAB4		-0.220574831464129	-0.0420244104401434	-0.0127174743781541	-0.0856089242248987	0.167476371679272	0.443666941361106	-0.32563806433567	-0.267538252055817		0.113333203083786	0.271572515770164		0.186167736400217	0.3181040506679	0.0143484585141342		
GTEX-ZAB5			0.0392543725177791	-0.07777820357215				-0.261115068259037	-0.201244880177991		0.314647977479133				1.02200078618305	0.103773319604582	-0.0270289085579421	
GTEX-ZC5H		-0.368569686923243	-0.0847754367746909	0.0497508544191146				0.1074692603309	0.106286879260013	0.00476397615236113	0.0213166851731878			-0.17184174715707	-0.0729847760343854		-0.152182970735541	-0.127201912717946
GTEX-ZDTS		-0.067430148895548	-0.0756865531537941	0.0240609644284114				-0.121736194691344						0.139540346511012	0.360742257331254		0.0796937677460327	
GTEX-ZDTT	0.24611729803928	-0.0518121534039203	0.0192997934441448	-0.00836837947093122					-0.373654927848484		-0.0775002511287933			0.0763637482742954	-0.121747613716507	-0.0760477579349996		
GTEX-ZDXO		-0.834745361607727		0.0270495650058152	0.135061569696457	-0.0674092118409014	0.271427617088576					0.335557183898856		-0.0515255022042622	0.469484897162175			
GTEX-ZDYS		-0.692427746318619	0.0890507721328503	0.0499517692820165					-0.0258037076360282		0.10562603063742		0.0175362016172185	-0.0126516362735266	0.273027556379326	0.0698477289702731	0.00368986520335712	
GTEX-ZE7O				-0.0158999016093775		0.19126824606731		0.0758376163770316		-0.0471454172369256				0.0955227653003328	0.17571708388388		0.0651895348416384	-0.0250749868952157
GTEX-ZEX8				0.0029046453464321					-0.0114498692906231		0.225371768399463		-0.0184211482205445		0.31700246022269			
GTEX-ZF28		-0.160052410415414		0.100687043009564	0.367588171526906	-0.262340043296507		0.378264247002503				0.341247609593651			0.0663604779078233		-0.0822017506606224	
GTEX-ZF29		0.0522283599192933		-0.00784899707568371				0.12841698635707	-0.0263889218608733	-0.0751245749987029	-0.19539195890232			-0.288027846349697				
GTEX-ZF2S	0.301928119774481	0.0172546014393149	-0.00865207455280637	0.0887356595251359				0.0760471069322453	0.289733906652249					0.23484194916203	-0.784082292588045			
GTEX-ZF3C		-0.0632189577483997	-0.0413274370343203	0.0140141069769108					-0.0320690590095932		-0.03509083835862							
GTEX-ZG7Y		-0.251965546906834		0.0507338111254851				0.0584882025534563	0.0371800059417229		0.180391562542373							
GTEX-ZGAY			-0.0351537450747392	-0.000117714176594631					-0.276972226161405						-0.0443914524222684		-0.0114552711914476	0.23696767506392
GTEX-ZLV1	-0.212646791206495		-0.0331162860532518	-0.000361443007722256				0.324591394817572	-0.324777775738505					-0.0578088152340403			-0.0274499532894025	
GTEX-ZP4G	0.173641417506182	-0.195802138398415	-0.0990199693565371	0.088283940835788				-0.157108200507244		-0.0360740983854236	-0.116527276435875			0.143235284742422	0.625422525394785			0.113453917636019
GTEX-ZPCL				0.00456379535509783				0.503288333802064	0.0922611072626308					-0.0319614236957674			0.03681567559582	
GTEX-ZPIC		0.0510102012172589	-0.0344751896453205	0.180265240077648				0.388064295834884			0.243477660736128				-1.12704247692438			
GTEX-ZQG8				-0.0448311198065602				0.316280026234696		0.0352692210119837					0.952171495115347		-0.0332135275682631	0.0496024602017614
GTEX-ZT9W	-0.04881555155635		-0.0575901216020713	0.0867533251240678				-0.41453354032061	-0.0524663010670206	0.0885075591440789	0.207538668296817		0.0772365153313633	-0.329936046786993		0.0971763753769245	0.00362233170881864	
GTEX-ZT9X	0.0273712797521157		-0.0228393056612396	0.0354637816816017					0.117691708813347					-0.636258915638039		0.226735030266033	-0.331276150229949	
GTEX-ZTPG			0.0382536368088926	0.028330042085371					0.0851496514878793		0.0317852434382554				0.700793689141667		-0.09197714002994	0.199093037123686
GTEX-ZTSS	-0.0793113097420503			-0.0618268095218087				-0.0274252811177789	-0.0817545482649918					-0.158309869646616	0.325095337713265	0.0605647017433549	-0.0516159930052159	
GTEX-ZTTD				0.011157822655927				0.081692926873855					0.174303974042526	-0.0926882978470984				
GTEX-ZUA1	0.0167397894577541		0.0170838784142661	-0.025840551779783	-0.172039343760713	0.0798827119508023			-0.0347627514106247			-0.199269766105276	0.0703960947966907	-0.215530606009037	0.256047717290465	0.204125458638884	-0.62486224893708	
GTEX-ZV68				0.0456570614514029		0.240831188130734	-0.103110380314501		0.0624556774807766						0.129456939674102			
GTEX-ZV6S			0.0411088528516929	0.0308150887794567				0.190356273561588							0.17184176805879		0.134321234651581	-0.287140708892687
GTEX-ZVE2			-0.0278838783395359	0.0255399833339769					0.11438881588018					0.232093329077524	-0.483038941540618			
GTEX-ZVT2	0.477526234993311	0.0845554678566177	0.0670169301235136	0.0530790989519991				0.154904548669789	-0.298098939742896		0.00946801541329539			-0.179208851439618	0.577166136864935			-0.0405535807039743
GTEX-ZVT3			0.0270322247585302	-0.0332035908875645	0.0473985279802276	0.317234141462731		0.196112158589053	-0.112786113994863						-0.00198952542082662		-0.327920893518748	-0.068648249186375
GTEX-ZVT4				-0.00458557895275165				0.20623126084603						-0.100597655617702	0.480875196548339			
GTEX-ZVZP		-0.345050044969786	-0.00619590531006646	0.00954328446759594							0.269446325836605			-0.394999258767366	0.570146392766289	-0.0497823787580731	-0.346364916994192	
GTEX-ZVZQ				-0.000248372171787518	-0.41262449769846	0.540651354829719		0.069841367308105									-0.0238905779472778	
GTEX-ZXES				0.00622292293416365				0.039855791696694	-0.312622462534331						-0.0346475719486667			0.165036849764169
GTEX-ZXG5			0.0936644700333222	0.0510611339478119	-0.00119153797508247	-0.180967261043176				-0.172898620478818				-0.407961095935934	0.445727071498452		-0.305277315375255	
GTEX-ZYFD		0.0456247859063353	0.00787472534622559	-0.0435366489440358				0.430047545364969					-0.0314918973329973	-0.772797691049132	1.07490420919381		0.152300511158981	
GTEX-ZYFG	0.301550808639035	-0.267788358825449		0.0910582139097652				-0.125103041329278	-0.126060640089815		0.178438742732913			-0.197682120817236	0.247041374026182		0.0529492921825611	
GTEX-ZYT6		-0.0203910385417324	-0.118363698643795	-0.0237429179479449				-0.301848828035731	-0.364079064531487					0.0532210733919404	0.0652349975632007	0.163018627898567	-0.208966068299389	
GTEX-ZYVF	0.18167513069427	-0.496163815418457	-0.0204995221657187	0.0309378538549987					-0.0730383239515929					-0.292859024198539			-0.0527204377511884	-0.075820756915381
GTEX-ZYY3		-0.237871138015369		0.0446838298305049				-0.127527719848719	0.0779734125030247		0.0161594599536349	-0.0765869402918296		-0.120984793460812	0.211674925671551		-0.231521628872288	-0.0981365258423855
GTEX-ZZ64			-0.0122705096158359	0.0700503921330804				-0.114343531950423	-0.0181316596329609				-0.0294654910000443	-0.111599084245792	-0.0984810925841847	-0.111260501906037	0.25930288640309	
GTEX-ZZPU	0.403173848949516		0.184102844414579	0.0899200529055908							-0.251823110141145			-0.00605976782683276			0.169261684234304	-0.0786437492994321
