id	Adrenal_Gland	Artery_Aorta	Artery_Tibial	AverageContext	Brain_Hypothalamus	Brain_Nucleus_accumbens_basal_ganglia	Brain_Substantia_nigra	Colon_Sigmoid	Esophagus_Mucosa	Minor_Salivary_Gland	Pancreas	Pituitary	Prostate	Skin_Not_Sun_Exposed_Suprapubic	Skin_Sun_Exposed_Lower_leg	Testis	Thyroid	Vagina
GTEX-111FC				-0.168289824977142									0.136960632822261	-0.0512241727324683		0.102706399119165	-0.316987188611562	
GTEX-111VG				-0.0249136230076865										-0.0676184436081756	-0.111702115458748	0.127576227404861	-0.258815979777659	
GTEX-111YS	-0.240413601069219		-0.08124165197599	0.00101731125381533				0.0952908401936983	0.0301536357133514		0.0154055497649628		0.269635519102983	-0.0605213369952184		0.0367682290107011	0.287232110659156	
GTEX-1122O	0.366729417239631	0.347974184426643		-0.0288406633248189				-0.798591101995189	0.177465953398026		0.0279637498953926				0.0300769184648836		0.00636429546253357	
GTEX-1128S		0.043930296127042	0.0651683286400982	-0.165732282259434							0.0523867445145102				-0.475384541009592		-0.35899837108109	
GTEX-113JC				0.214439076453975								0.33848965582423			-0.0512620552190519		0.219266719321241	
GTEX-117XS		0.00335796376753786		-0.177009743360731				0.173394940719219				-0.00497958377892851			0.0227541993121806	0.0165884441529257	0.197787694370717	
GTEX-117YW		-0.0781677809677692	-0.184464644921257	-0.219642681858606					0.103918320128079			-0.0867162744179008	0.150117306797773		-0.125322957014676	0.218148996074571	0.0179366896475545	
GTEX-1192W				-0.179938835545777								-0.0537790280843865			-0.488119176548091		-0.342735893789155	
GTEX-1192X				-0.210391319762428						0.07250988981386		-0.0323039022411734		-0.223130556508773	-0.0975805218604587		-0.208243104939102	
GTEX-11DXX	-0.292514314553295	-0.0033007916905014	0.0828180903458379	-0.0280947503365423				0.221915808670402	0.0865803570335978		0.0879194867828066			-0.126898420169539	-0.0701548954083215		0.036257432331212	-0.0298367522309571
GTEX-11DXY	0.0824645123532304			0.074105980235604				-0.260671656985885	-0.148202104781145			-0.0234645949339564		0.137517312352657	0.172611808493655	0.00338351314852504	-0.345956682102151	
GTEX-11DZ1				-0.0376229110519619					0.17882359650288					-0.00039392124698856	0.15009378979025		0.172020196274171	
GTEX-11EI6			-0.00244483605861048	0.066764300338223				0.293438425876949	0.095801036495594			-0.262989109376967		-0.04623512887404	-0.201084695209142	0.0391362510861045	0.0436231002815713	
GTEX-11EM3	-0.390641016337128	0.003400920204507	0.00535667934555183	-0.217174958199104				0.260235078308039	-0.0997642404718794					-0.101602171795319	-0.364499969752067		-0.0486469361287544	-0.0508092126151747
GTEX-11EMC	0.0797757217385153	-0.112637934991517	-0.0284016412008047	-0.338739390050538				0.0919365506145624	0.0874770414338548	0.256830041298816		0.0708368455534306			-0.0796833013075044		-0.0247230026824893	0.0451623598969517
GTEX-11EQ8			-0.150482992322017	-0.103681634698986										-0.127447917633293		0.0203764124111656	-0.0380358157014109	
GTEX-11EQ9	-0.0237018102305866		-0.134903527470692	0.0150348936593932				0.150672549852637	0.477449812151643	0.0317190795693573	0.0482742763556262		0.0548567440183588	-0.105589851235254	-0.19168720906594	0.0626370509115739	-0.0876693761775103	
GTEX-11GS4		0.388534121722	-0.373595547010487	0.223873443377335				0.0714241270669869				-0.244931679892595		0.0700745080607565	0.00104642317862826	0.00849789571615688	0.353034227639481	
GTEX-11GSO				-0.196051570508615								-0.053752185486985			0.00665587756004608		0.238858049941973	
GTEX-11GSP	-0.128898628284364	0.0318664701312088	-0.0332534356565053	-0.3412276661799					0.161164363115252		0.161067166282149	-0.261452965804313		-0.0530401725770966	-0.236118439429921			0.103613322694164
GTEX-11I78	0.307764265938509	-0.14688597865518	-0.118916987370979	0.156180164350735				0.153645205567884	0.199030887380707		0.192895548863596						0.0283165782817646	-0.048469460511309
GTEX-11LCK		0.0135340849490689	0.0499345304311668	-0.190384615671854					0.184868806463002		0.17189696269354			0.0651916621259623	-0.360241254555194	0.152387242513329	-0.0582001696581066	
GTEX-11NUK		0.0342350103404339	0.0174856077477034	0.0130638361242398					-0.139870915950286			0.0598035412508791		0.0236895413343369	-0.211541011881387	0.0243033186086181	-0.0234295710675211	
GTEX-11P81		0.193099566206569	-0.0477118875215023	-0.0496766787343792				0.266741207123062	0.0922499693700215	0.000241439550321423				-0.0641659491920159	0.0564287299625872		-0.111615174911204	-0.14176155176651
GTEX-11P82		-0.0271466501781066		-0.254875828368829					0.160787146270321	0.11338932808505			0.0579370136157946	-0.118273204099115	-0.292587404972167	-0.0129915480725142	-0.27234929771157	
GTEX-11TTK				0.240362799168457											0.0616454345423347		0.449023017013309	0.0469522412626548
GTEX-11TUW		0.153533776420092	0.144551277649495	0.0515225547247966				-0.403824365881498	0.249700972985697	-0.0912356011623942		0.107551361630097	-0.0225907218124706	-0.182585175304581	-0.0429655862572992	0.175968049125662	-0.224983720505752	
GTEX-11UD2		0.00222996213468939	0.169444340368276	0.107019507958234										-0.191127467923725	-0.1426336415898		0.103960634907454	
GTEX-11VI4			-0.208963919697958	-0.0363563119147348				-0.553542266326817	0.138956561661795		0.0268875890313963			-0.0233761755976	0.139844778116688		0.107105622929465	-0.0450036479607034
GTEX-11WQK		-0.0697875054845594		0.141946504197986	-0.140828158572267			0.156437692874903		0.0110600629422174		0.417872877663137	0.131617072605622	-0.058212473971637	0.0374800755321353			
GTEX-11XUK	-0.421657995003682		0.218011287252232	-0.0714915230775653					0.0347750096627862		0.29777565291804				-0.444349995036336		-0.415457085127027	0.0428741293518021
GTEX-11ZTS		-0.0397024564300426	-0.0128770296392463	-0.00723268846880295	0.103882238192881		-0.368695364836822	-0.748326311781381	0.21875404931623	0.0221423005295926		0.419597785248442			0.00790750956015565		0.056518201716947	
GTEX-11ZTT				0.0372457001117386				-0.573097644992031		-0.0133264103106928				-0.0840220707183202	-0.412799123197247		-0.220682436268498	
GTEX-11ZUS			-0.165688362553824	-0.175362567195966	-6.72665470769088e-05							0.118640774861607	0.21850229264008	-0.0526499747329314		0.186965234271769		
GTEX-11ZVC		0.053668498666175	0.0688705413289094	0.0431239330416515								0.125168652189837			-0.135671087776624		0.072298390086639	
GTEX-1211K	0.294279440512305	-0.0111090192051581	-0.111315254732424	0.00288160469333662				0.0418598522003764	0.240618145933155		0.0276584261486574			0.132130496615505	0.0137514555223983		0.0283080429694269	
GTEX-1212Z		-0.0494911299130254	-0.332028622513796	-0.108613745041747				-0.623092714782925	0.198326264484182			0.15207838766088		0.0296731582776553	0.102388074799418	-0.0157075950135466	0.00750829812999697	
GTEX-12584			-0.243050714024145	0.20275718293374		-0.052838167390056						0.206736436789384		0.0810247669713599	0.130603539949529		-0.400287380515974	
GTEX-12BJ1	0.199584631977921		-0.0861318101449099	0.00889872570064151				0.398631745680222	-0.0823779762053166	-0.135339016591064	0.086238766289695		0.0821585948431056	-0.0420627872021973		-0.0548222451798666	0.291740911602516	
GTEX-12C56		0.0152686482514307	-0.29415335413192	-0.226542708864877					0.349473630609824				0.0520273032598083	0.144014108942068	0.0692795047740061	0.157594151255821		
GTEX-12KS4		-0.093848808516695		-0.31783075494209				0.191369300206146	-0.0837092744859294					-0.0720166622119616	0.0702517138324103			
GTEX-12WSA				-0.328125155548784	-0.0609214440404168		-0.0814628622867283		-0.23924728090774					0.0619826378776914	-0.169270100662346			
GTEX-12WSE				-0.200792305247554		-0.269687810731927						0.0217495963572955			0.268951579415944		-0.164089471547601	
GTEX-12WSF				0.145365972952427		0.0709715983064051	-0.221442245669028					0.165910491728409		-0.141752074705517				
GTEX-12WSG	-0.13580128355492			0.0197995108609632				0.178902961830096	0.150861966963617		0.186306667435041				-0.123566555878016		0.047803163468138	
GTEX-12WSH			-0.0455333734906278	-0.261558972449562		0.0370343569026441	0.0364506709033772					-0.0300531501879121		0.0512130929121134		0.0557245191133203	-0.057104394556526	
GTEX-12WSJ	-0.089989132393331			-0.146926148820416				0.422548341056768						-0.0973927701143171	-0.261783122392942		-0.00845032384998275	0.0413052924210378
GTEX-12WSK	0.0771441950856367	0.112630881578148	-0.156224826448502	-0.243682104165855					-0.0306127233256997		-0.0831765215198468			0.0497728214374068	-0.275000034196947		0.356381231213925	
GTEX-12WSL	-0.0057037021418356		-0.0981728484671446	0.318376298871124				0.0340704807469748	-0.325829277812344	-0.0425243858401558	0.0794364869549084			-0.0997044000057559	0.0898710316320237	-0.0163869905086365	-0.00319428884866205	
GTEX-12WSM			0.259357066225877	-0.314260159764355	0.264032861587717	-0.0490556351098402		0.154981380808968		-0.300187201499569		-0.0713172806339453		-0.148057218526648		0.055455420823027		
GTEX-12WSN	0.567419731681021	0.218765761828058	-0.269643052411088	0.246417573785049						0.0211840110442294	-0.10310059003708			0.00962201174038757	0.0753031165234368		0.00428090940943546	
GTEX-12ZZW			0.00825856823184172	-0.164938288547613		-0.0387677111089454		0.128198701025125	0.0365137962638418			-0.0155018054426318						
GTEX-12ZZY		-0.00843339477587465	-0.0713317473029866	0.18241852245194		0.0642746881456625		0.204501535854901	0.356260046245612			-0.00782466772793948		0.0614336618672113	-0.00676002417918432	0.0117765727324543	-0.102725085019856	
GTEX-12ZZZ	0.190889802775934			0.153656258396388		-0.0195861814432139							0.0754937824927011	0.0865084755763788	0.0459312979979579		0.299842767457378	
GTEX-13111	0.0809759828016564	0.0432090873328767	0.10379598732021	0.0989757227547349				0.23538940363423	0.444943479822174	-0.0539822653198538			0.226711107764921		-0.228837958386024	0.218451145330678	0.0669298854851015	
GTEX-13112				-0.172528448967764	-0.114128075365449	0.22665454164407						0.116494211902411		0.123033761689838	0.0144059598600827	-0.0794451849379263	0.283085336680783	
GTEX-1313W		-0.0172451943469805		-0.083276072590408	-0.0690743106501395	0.152854891153547	0.149667028537011					-0.0469842367999309		-0.202355740450062	-0.0203941750942121		-0.237463636813861	
GTEX-1314G			-0.00524504674913129	0.0445664678560754						-0.0757607256484752				-0.033190257930706	-0.337004595057614			
GTEX-131XG	-0.190218067482807		0.278557266699076	-0.0700626791291296				0.350575489021636	0.0406913475902724		0.157537125484262			-0.185109395649127	-0.425671706728558		-0.290930606653767	0.120068589400351
GTEX-131XW		0.199374767212681	-0.0794507049649479	0.0117847885743472	0.186659606523219	0.142100799438291						-0.0306233858098591		-0.119924427679559	-0.278947695985533			
GTEX-131YS	0.155097709693115	-0.0115134593953281	-0.0216951911658361	0.19787078997985				0.219700212408083	-0.0171046169220371			0.0142148721327334		-0.11508007056508	-0.0894885298858878		0.237664887057041	0.0525384391832601
GTEX-132NY	-0.00796894240818424		0.0304752324181913	-0.193945661139304				-0.325876268170847					0.0374350088315165		-0.163871962751426		-0.236145604458931	
GTEX-132Q8			-0.0181717707891846	0.111726209028856	-0.0803583676851098	-0.141767098718336	-0.797918041570344		0.0611484824713989									
GTEX-133LE		0.129740489708367	0.00798687946388839	0.106448792907544					0.204393251725122					0.0188161638141902	-0.180507587893143		-0.0148035867695321	
GTEX-139D8		-0.00436340469341581		-0.134016287736413				-0.828388195806085						-0.0647881363496275	-0.0277892333647959			
GTEX-139TT			-0.26516021604885	-0.0937303134607034		0.0725946299677046						0.250110001056743		0.0946588695749879	0.0475245734165602	-0.00520056420697747		
GTEX-139UW		-0.146279758263596	0.0335412301571086	-0.175987532506764				0.153497297629654	0.12258773648469					0.00281291026993914	-0.236139730326619		-0.0518182056430542	
GTEX-139YR	0.235657625931567	0.0764735438201048	-0.0889948771549806	-0.0433035130630195					0.201388455935788		0.124470750250401			0.185763774606673			0.298698094933257	
GTEX-13CF2				0.057400863393072	-0.00904511232600695		0.0110800869881924	0.181986958581079		-0.224908946755791		-0.0389546156674902			0.0587645268668305			
GTEX-13CF3	0.334338606863516	-0.0610004357473362	-0.00305392102401113	0.00868827339787121				0.241526552909204	0.119187485988752		0.18783524053904				0.217127315477985		0.235045678031656	
GTEX-13D11	0.272484833131299	-0.0570935666964714	-0.00924679234837014	-0.129169981753692				0.173426486623028	0.101589760926787		0.10987937719413			0.079001938076025	0.117027817870642		0.274610231642546	0.415691173009145
GTEX-13FH7	-0.0417691129958166	-0.262201077337624	0.0878642746573218	-0.01674033553766				0.183282122388015	-0.127538328361859		0.0649581561075968			-0.0208026862362117	-0.142703795682507		-0.205453006290088	
GTEX-13FHO		-0.0520370443381247		0.137707420005737		-0.148989733035768		0.14640935971703	0.0455605791438904			-9.28822930207162e-05	0.0159612460441193	-0.0244118999820005	0.124713314918643		0.0384608850762104	
GTEX-13FLV		0.0756241544550794		-0.054941595556341	0.12777824200482	0.208090912942244			0.143051200540321		-0.220881400649064			0.0246544602007934			-0.294996553495434	
GTEX-13FTW	-0.244192532705489		-0.0799485331530689	-0.0501618171643794				0.0313942630221833	0.00285888163243509		0.12728532224843		0.0979903596270267	0.0369852655796673	-0.333213094244324	0.0598220445670872	0.000773508824105956	
GTEX-13FTY			0.130858271810901	-0.0794664761641931								-0.0568619243186711		-0.0822008992166286	-0.15516203642416		0.0120428076203068	
GTEX-13G51			0.297236755191904	0.0890111802630557	0.153741745631619	-0.267076955629606	-0.124427726775653	0.259170532415491	0.140885265334426	-0.0210411064428787		0.0539171003299492	0.150019126954346	-0.186179529051102	-0.267536948812502		-0.107647839451475	
GTEX-13IVO				-0.132256067258524	-0.187638946933105	0.0512762958390703						0.0423314262337625		-0.0178969177730557	-0.283010760780318		0.369154725832326	
GTEX-13JVG			-0.0245706107415836	-0.000482502497009062	-0.0935765863277307	-0.0991203293257556				-0.0805383882243098		0.0189782443024926		-0.0435865139945289			-0.000860578986074806	
GTEX-13N2G		0.179671729976096		-0.341064638654691		-0.444424600504774	-0.0406361473079101	0.23356935861748				0.38785365468275	-0.16720337491359	-0.0756561948999946	-0.0950932510973304	-0.0552043265972478	0.418220450609094	
GTEX-13NYC			0.0733195548095663	0.0410580653991417										-0.114271978896279	-0.151889962810667		-0.184711043266808	
GTEX-13NYS			0.150331193813994	-0.0356769452248099	-0.0593969310683547	-0.0738701978749863	-0.121070564342511					-0.0367733208541638	0.0593118566853573	-0.00936198152567003	-0.531649745144957			
GTEX-13NZ8			0.107913690838378	-0.029771864444164	0.0427061716287983									-0.0774402825585695	0.0333507403387765		-0.0259555123698626	
GTEX-13NZA				-0.0939663439856741	-0.092350020523546							0.122720552819831			-0.231783026979529	-0.122363149632511	-0.119841927114618	
GTEX-13NZB			-0.104207241869965	-0.0877018897432558					0.0914688612270386						-0.320939893695003	0.099496432575477		
GTEX-13O1R		-0.160605414504856		0.0560431008072196				0.0362520159722761	0.289293764932216		0.237770631816803	-0.104556653764632			-0.15743788780647	-0.0351394380677347	-0.055266466701631	
GTEX-13O21	-0.171404497205866	0.0580964556580769	0.0682396344492274	-0.00118891509916721					-0.107419012699249	0.207077704190058			-0.00620719528946248		-0.206810646847269	-2.81783727275123e-05	0.0356518346489938	
GTEX-13O3O	0.0438199199253612	-0.0315370978920995	-0.0096994081903719	0.0887421271026107	0.147734682186121	-0.160894914972273	-0.0353348619130785							0.101294661764849	0.0510783952631432		0.323106268287161	
GTEX-13O3P		-0.0682354281242758	0.00493219532849135	-0.0833025894099761											-0.137214849243542		0.0483562925824385	
GTEX-13O3Q			0.0606303167042492	0.169381917720969	0.31786595269381	0.0819910621696202	0.0916607939033809		0.0998657125497998					-0.0143321101140513	-0.149717975784967		-0.0141070658549689	
GTEX-13OVG		-0.0251279708606472	0.0190118542671509	0.243094916206481					0.198150378419248					0.0348419032651767	-0.160332396456939		0.0195631160131555	
GTEX-13OVH			-0.264080656637688	-0.172861069006478	-0.0472996670408389	-0.126765718495338						0.0329400263687318		0.0930242603715591	-0.0678824294094211	-0.150597363203157		
GTEX-13OVJ				-0.0672555530365574	-0.0222441159615009	0.000446047672813421	-0.0222015638489167	0.193008514723057	0.0971683871011062			0.0421596176139085		0.138600878337969	-0.242396783493983		0.254592745897538	
GTEX-13OVK			-0.0838513750825704	-0.0177664316977311				-0.783672155009125	0.328357307915919	-0.127226536568726				0.0224639671559869	-0.0660030424255545	-0.01580594403756	-0.0350217924553032	
GTEX-13OVL			-0.158595067049569	-0.247278902409618	-0.193462056133744	-0.147726549194488				-0.161714546027645		0.150241082557633		-0.0170111455467439	-0.256105574451392	-0.0603516247402164		
GTEX-13OW5		0.322442846259755		0.12807519679083	0.0139221999419944	0.601300097538922		0.326048909240792				-0.000845345882848051		-0.157344893028519	-0.37308694916783	0.0563300544017444	-0.265522119854768	
GTEX-13OW6	-0.0343073062182601	0.122778844982609	-0.0177430082438631	-0.147883281799996	-0.16135312618752	-0.00514908274771	-0.0388749515652545	0.160811265784454				0.0495008666233575		-0.105278839777215	-0.181895915939289	-0.00587527215973756	0.0221377458522663	
GTEX-13OW7	-0.272816023957359		-0.117379533169422	-0.135028955050018	-0.167426677040962							0.0670095308076631		-0.0563222064215	-0.127830195426197		-0.195213149158074	
GTEX-13OW8		-0.0620715487411758	-0.149910527695913	0.000146476135358842	-0.046853160103262	0.164165669723714	-0.737132734315082	-0.420953156085214	0.253108054469307			-0.0139586444987811	-0.0416818477862325	-0.09113691266367	0.0784872756728834	0.0882994855379837	0.131862179348675	
GTEX-13PL6			0.0509121442759514	0.338059715245048		-0.165452167591403								-0.0333552685621549			-0.157882343163294	
GTEX-13PL7	0.123558943916055		0.0898650781004266	-0.346220401045813				0.319718931214081	-0.0103834048272221		0.0746109523005802							-0.00450587934652357
GTEX-13PVQ		-0.172796097206249	0.105381144267343	-0.235334523390761				0.16278401563182	0.00948315473789531					0.100378839372568	-0.0164693228262611		-0.13523188778142	
GTEX-13PVR	-0.0119392224488947	0.0192068400664575	0.044915503335481	-0.122479802285108				0.173925618292897	-0.327685739092838		0.0748632763647288			0.0717250875638014	0.0333808898877923		0.00755274016151017	-0.0205030971684519
GTEX-13QBU	-0.0737473548824242	-0.279818112369114	-0.131504813008592	0.265079566923949				0.0256053765803969	1.003074756567	-0.0930667826311622				0.0989493643935798			-0.0972786693421005	-0.032140317366262
GTEX-13QIC			0.055894457908778	0.132065193908018	0.0806942078446509													0.0369769492067452
GTEX-13QJ3			-0.169427886320566	-0.174556651458901					0.036400721910638						-0.345250078914218	0.00212481058488879	-0.147714731168457	
GTEX-13QJC			-0.17099632497673	-0.174871174798535	0.242797389810571	-0.13154170598697	-0.364813637512853			0.0389073326039699		-0.105417801599651		0.0304858292941131			0.287214874976039	
GTEX-13RTJ			-0.321411397002696	-0.245169777606215	0.172827422915231	-0.0685483954811067	-0.0980623742693695	-0.430220071672881				-0.0759351166227351	0.0724825800906776	-0.0244632438350425	0.248411247546655		-0.0230920851339503	
GTEX-13RTK		-0.119591870618541	-0.228696102039737	-0.20288689572037					-0.130791038523861						0.0389326424338025		0.26195700329158	
GTEX-13S86			-0.0562885761109783	0.206887753101397					0.133199424293878								-0.00478626540523031	
GTEX-13SLW				-0.176686325591871	0.28988875535672	-0.0282390521413678	0.132424338472868	0.224123495652168				-0.543996538955284		0.0378067768986955	0.11617625106166			
GTEX-13U4I		0.0515658093067234	0.128392073826188	-0.0821689987174217				0.161039884526264	0.158696264023044		0.175070834603037			-0.250757386447979	-0.298474126463312		-0.281318780628497	0.00850406284319188
GTEX-13VXU			0.0330602186444008	0.0135710666303209		0.214392081197513						0.04937294715384		-0.16093778397019	-0.0274180231694552	0.0629635510733315	-0.168714538571663	
GTEX-13W3W	-0.0297246740698869	-0.0264752429503579	-0.10069787208916	-0.131578816092962					0.442519166218437		0.103605117894884			-0.152840603765326	-0.169533531226055			0.0850680372076849
GTEX-13W46		0.178709168709354	0.083569079004994	-0.222170773059965					0.0349593766156221						-0.309792869811362		-0.253516347301483	
GTEX-13X6H			-0.346373687408135	-0.0434452785069514					0.556323350917445		0.281609453076184			0.0729164244075791	-0.00263468815289711		-0.410167385212636	
GTEX-13X6I		0.00255333116288314		-0.0963245408534144	-0.0852920201953148		0.185301015707729	-1.15681522636739	0.270651245359423					-0.0386326901859866	0.104945948097835			
GTEX-13X6J				-0.327902048786017	-0.0202412720512401	0.0846816877709863		-0.512324893024948				0.131250435992846		-0.0682634984988923	-0.00926997413605857		0.048464165291313	
GTEX-13X6K		0.111941595009496	0.0555906483960859	0.00492630681443422	-0.016970186373135	-0.160266922889228	-0.0460703398555438	0.135068466254187	0.268071070957236			-0.163072254865727		-0.12304658255145				
GTEX-145MF			0.0107311496695898	0.0910315729974137					0.0983139992599062			-0.0256726173251946		-0.0381031936630303	-0.200543624301999	0.172071414777962		
GTEX-145MH		-0.0424568750034747	0.055396626473235	-0.448505790867	0.347574521056225	-0.315774828086829		0.150418007723123				-0.0797428143907755		-0.0549565615880855		-0.0840589404709354	0.0521786318861722	
GTEX-145MI				0.585948423914957		-0.102547008896555								-0.183484352085919	-0.0414906835588473		0.205632191061129	
GTEX-145MO		0.129655550133148	-0.154911440387423	-0.0512465580972715				0.124098592507733	0.106730429852812		-0.00437780147844991	-0.150454270535844		-0.0335228592994645	-0.0572914397330438	-0.065147492847192		
GTEX-146FH		-0.0491113245632158	-0.0221986859590411	-0.056585939545085				0.273633735193319	-0.0212320636227263						0.13362325323616			-0.0556732892204205
GTEX-146FQ		0.186639278677955	-0.0153951567963579	-0.122186610359943					0.208058786066562		0.181949442106195		-0.0031310492078398	-0.00752343167108572	-0.0571630019527476		0.304517380952547	
GTEX-146FR	0.00183387526881895	-0.0325680650440881	-0.0360201174852424	-0.0892134648241941					-0.0630665336156604	-0.13578473078184	-0.29420117775435				-0.071086274505388		0.437580303656678	0.0392785798079926
GTEX-14753	0.224499763380932		0.0505986446197326	-0.172519383740261								0.224024135378795		-0.11648989982828	-0.00620439760974223	-0.0772148716504055	0.221628820067129	
GTEX-1477Z				0.104519343050447	-0.0312262974115531			0.167997441579917				0.0337557611336838	0.117331224389511	0.000521239643730215			0.0193152131662531	
GTEX-147F4	-0.231684775738743	0.0197526556998545	0.181361603352316	-0.0430113949653105	0.0647331108455922							-0.121678102126859		0.0509504716666369	-0.339024386653136	-0.0443686177941242	-0.201856481001262	
GTEX-147GR				0.10481987074773		0.0132764847674573	-0.0558650635632079	0.0862920471137054				0.00658727924971362		-0.000429908064386329	0.0504399855919553	0.195998594967464	0.00238292344985312	
GTEX-147JS			0.11709863647096	-0.157804618668412				0.25628869225157					0.143091521127353	-0.0302425133139111		0.0483374267994104		
GTEX-148VI				-0.182117503561587					0.257908622223112		0.069754219370861				-0.550966349858676		-0.358019722311722	
GTEX-148VJ			0.245551363392636	-0.141625699989349				0.0881768953888838	0.272542492279346			0.0713222810225254	-0.0777143291171661	0.00323971818151249	-0.231922786379754	-0.0108043217740173	0.0307791483237009	
GTEX-14A5H			-0.0792381792580541	-0.0988803720854959				0.0538114899798312				0.280003502401937		0.147000647052169	-0.152298504055032	-0.118299558431634	0.0109564435901312	
GTEX-14A5I	0.073719826661603	-0.00543728971654717		0.115564072567725				0.261263748949192				0.017493010180934			-0.374489592553587			0.00346571922319106
GTEX-14A6H			-0.149092377758509	-0.286529579341764					-0.00084881445736143					-0.023812169913561	0.0523546535645431	-0.0180697534225493	0.0430777623089354	
GTEX-14ABY				0.0396036863985448		-0.0196420447430151						0.0541931817237148	0.0143282361031942	-0.219700096455983	-0.386227252908827	-0.00444031082988442	0.289670367413253	
GTEX-14B4R		0.00341972560955521	-0.292583656299774	0.0279925668689871					0.151751988855554	0.109160454258275				-0.0988830420755061		-0.12456937595288	0.223843106204956	
GTEX-14BIL				0.10510851138771	-0.0538481152925935							0.17494422965441	0.0313529645291974		-0.0130894978953706	-0.0494092001415412		
GTEX-14BIM		-0.230930239194872		-0.337749798142828		-0.154213174044027	0.0849829150610294		0.210697839852492			0.22556343543239			-0.113000878417985			
GTEX-14BIN			-0.0396540910528758	-0.089327741072228		0.24093246844598	-0.169502555300376	0.210355594577372	0.116167400801717			0.00972550358096056		-0.0774432891925788	-0.237777679086846		0.0196370824396451	
GTEX-14BMU	-0.380337559631944	0.0265111191927483	-0.341781291987161	9.51076902005292e-05				0.27756304412713	0.0797035810090188		0.244028078527123			0.0693467164498342	0.0872023122713439		-0.356618285229459	-0.0141766664383304
GTEX-14BMV		0.135514750744624	-0.322185348360192	-0.0997869737754077		-0.0675806881955627						0.223838902048027	-0.00539770987766289	0.110247558679065	0.01501180244299		0.485379049429866	
GTEX-14C38	-0.458944913406781			-0.220910120945417					-0.0889068029720567					-0.0972206347539573		0.208721808942237	-0.326094743094965	
GTEX-14C39	0.0966572356574237	0.0615555098410318	-0.26459782737508	-0.0153756910304434		0.0224062334921611		0.115306521477075			0.228480850350595	0.0205371395710318		0.0558541121589524		-0.103566879151587	0.367416754966005	
GTEX-14C5O		-0.106413749815812	-0.0584302121882759	-0.397051877337028	-0.0303596922225364	-0.174593213558318	-0.20320560726764	0.250394995024273	0.243173764928474			-0.0552023520850043	0.0606763412688593	-0.125245816568827	0.0179476856171726	-0.0601914292968563	-0.0544503448359544	
GTEX-14DAQ	-0.199822998929239	0.154358206086701	-0.0387272597093645	-0.421556026342199				0.246545121241185	-0.0359118846729691			0.101958299756123		-0.086628564795615	-0.223120293057452		-0.0424418643287502	-0.0125714039373946
GTEX-14DAR	-0.175087154129733		0.0780518264652934	0.0515358459361192					0.0976168839960127		0.0814473283448647		-0.0394942124006849	-0.0392942437619569	-0.427067490616188	0.0666930464532406		
GTEX-14E6C		-0.00355296384230186	0.122186339291207	0.048400077166317				0.0950367264068431				0.0402417084157474		-0.0512078587481063	-0.0967610699687119		0.234556607769891	
GTEX-14E6E	0.0340012724477519		0.0838579044189606	-0.214854655266651				0.118815813213068	-0.199425821792902		0.0791820323670521		-0.0271253675325459	0.109788013236417	-0.270566477306743	-0.0538740610675242	0.0833265727518584	
GTEX-14E7W		0.117548163859705	-0.0457275581374223	-0.187537762859372		0.0565810182473087						0.0745603267769708			-0.26167343751168	-0.0236424856704412	0.0299375060269465	
GTEX-14H4A	-0.092215367387183			-0.196589582165592					-0.139316764699041									0.0411025141305729
GTEX-14ICK				0.0227486281248344					0.04877371501818				-0.0566584923508839		-0.159914635708717		-0.00630841571692652	
GTEX-14ICL		0.112504906910982	0.0544213504996506	-0.0964747719509092					-0.18150186402557		-0.0234056098197124			0.125701679492689			-0.281364812578633	
GTEX-14JG1			0.0660537049291519	0.136174371479951		0.1258402153786	-0.148306692681451					0.0227070651656665		0.0508644897354484	-0.391894851644831			
GTEX-14JG6	0.332702916457975		-0.000442069826212782	0.228740147170429				0.145977620433487	0.115180937156427		0.0649983407587175				0.0679376363830787			0.0862272605681412
GTEX-14JIY				0.396612114309053	0.142809269780804	0.0247407357206474			0.491487017970327	-0.0320557931852608							-0.26667926553631	
GTEX-14LLW				-0.269449173808859								0.0038603535014904		-0.0958679735456175	-0.271212483900171			
GTEX-14LZ3				-0.26506124718408	0.0877747968113824	-0.0580351973809624						0.0145537471793925		-0.00332445950612914	-0.159067071146821			
GTEX-14PHX				0.223616279996856				-0.373504797653053			-0.234391595517299			-0.105684261052779	-0.153927115769121	-0.0668572796908568		
GTEX-14PII			0.402025906985774	-0.0224257155018337										-0.14344076994938	-0.686607287904258		-0.266896486528266	
GTEX-14PJ2		0.0433441428678855		-0.040792247588157							0.14945438227619		0.291532203456663	-0.0722797045984765		-0.0532119568242436		
GTEX-14PJ4	-0.343751810008746	0.166163275250911		0.00298090330180498				0.4408076283348	0.129513159991593		0.207929107669061		0.183533073818276	-0.229635072018634		0.179510347444905	-0.264509085480712	
GTEX-14PJ5			0.232001837251058	0.0388393797572498					0.177470246851459					0.0428951881273079				
GTEX-14PJ6	-0.126759055965007	0.101017298853203		0.014175600825793					0.384356858048063		0.144937121550621			0.0500907225561394	-0.0260425689802064		-0.0961704661613457	-0.115576061828671
GTEX-14PJM		0.128347756306809	0.225802287395477	-0.0784589801899277	0.0294361627570716	-0.156448180115009			0.185530829003989		-0.162297825425263	0.0507937200475318			-0.263794365961143		0.317076452173035	-0.0179439499433157
GTEX-14PJN			-0.0296925517086475	-0.122735997929145					0.104620648531524	-0.0193845931707689	0.047781981656254			-0.172139911798224		0.0581014917398166		
GTEX-14PJO				0.0714784950868337	-0.0642169570267145		-0.2627155971691				-0.019222055778691		0.0714781577321307	0.0723282894388822			0.0458686706405555	
GTEX-14PK6	-0.388924589525279	-0.0651521651937121	-0.0977249309955027	-0.17410997181392				0.357446020053713	-0.0204051431178208		-0.158467272705744			-0.016238195511311	-0.273750273025749		0.0311374922878191	
GTEX-14PKU			-0.0264907335167726	-0.162371247774459							-0.369839601598876			0.036177773399918			0.265586851102785	-0.0480464877404941
GTEX-14PKV	-0.335059756332667			-0.229621507689512				0.135352780837028	-0.0854543013255796		0.154284287087101			0.0153687716884959			-0.357985826009928	
GTEX-14PN3	-0.209594606993051			0.0971826358861855				0.276152219464654			0.245071573424831				-0.365542802085923		-0.170160001606858	-0.151152613250181
GTEX-14PN4			0.111335215737126	0.0794401509449567	-0.00182654062717914	-0.200393337688535	-0.0121045507085698			0.131693861324502	0.178168923966189	0.119813667093891			-0.303744841931421		0.0229534301713855	
GTEX-14PQA				0.267560084018218	-0.0715394471898341	-0.0640827910757633						0.102704800170876					0.17966009485061	
GTEX-14XAO	-0.223426402696267			-0.173597882025293										-0.0573912663337196	-0.304692897547974		-0.0922482340312627	
GTEX-15CHC		0.0383078248418143		0.301240350758416						-0.0127935073982113				0.0507948283048715	0.0977640388952379		-0.178557571120807	
GTEX-15CHQ			0.051698438152261	-0.0163633447111911	-0.00695814987196607	0.0824930955310099	0.0953479328594343	0.242542562992725				0.146542643893969		-0.0551960267588264			-0.0178565730352401	
GTEX-15CHR	-0.243252335083425			0.151386549734378									0.0985996005221985	-0.0746577437587602			0.0286696267975857	
GTEX-15D1Q			-0.226394268265447	-0.0746576632395416										0.0166130945546602	0.128532067940338		0.132928368333152	
GTEX-15DCD				-0.103431618927874	-0.0746739736337656	-0.0597557663529508	-0.250970983573463		0.136280048255722			0.0154982651779578			0.176947891855147			
GTEX-15DYW	-0.336141026258412	0.291308965450329		0.219708468784299		-0.16044301664528	-0.204625366044963	0.388350555805089	0.101325659886912		-0.0268132918818181			-0.0235606994131664	-0.315807996392626			0.00137471101986564
GTEX-15DZA		-0.0233999577233177	-0.031707668583528	-0.110554536310484				0.279758185325539									0.0674681268373696	
GTEX-15EO6				-0.0746556794412777		-0.292400798045843	-0.123641393949047	0.277488540703317				-0.0901310223154987		0.0405464082261184			0.267003555737501	
GTEX-15EOM			-0.246354483127413	-0.341462118192394					0.0475781609497471						0.0979907246582925			
GTEX-15ER7	-0.268989064402395	-0.0731512493308801		-0.483358020890038	0.262348494329226	0.0279068286737458	0.175659755275998	0.211792385505287	0.068779332139991		0.223331781348536	0.15620911949474		-0.104898987619333	-0.34569757712081		-0.0222618943652365	-0.0102766566958818
GTEX-15ETS		0.256184874646183	0.0983711414299558	-0.0902640243579179				-0.595644608484588	0.286132285266346						0.0504012057607546		-0.26627829541855	
GTEX-15EU6	0.0270883824161167		-0.0258321436692188	0.19419917316928					0.226402159502675	-0.0649461125969554	-0.0856199445229134			-0.112932475215357	0.00152866167147797		0.165565194500958	
GTEX-15G19		-0.0280128452374234		0.1140870989042	-0.0156376593655181	0.00134552952844658		-0.494945449456798				0.0617948093598599		-0.144772394181995	-0.171426321810132	-0.0915025251093413	-0.211469261464903	
GTEX-15G1A			-0.133797740128882	-0.424261172796237										-0.139509743195387			-0.228952161491201	
GTEX-15RIE				-0.075641813022197				0.347005178152018	0.17626412238576					-0.0715516036253458		0.0266965759293635	-0.0322929081714032	
GTEX-15RIF		0.00869502989524967		0.0796168976131019				0.229395926349503	0.0914753416472091		0.182320068305463		-0.0549414532338682		-0.307562245025875	0.0906168901346507		
GTEX-15RJE		-0.094343362750849	-0.169925338851013	-0.167875218003166		0.251002807588417	0.0981170020509172	0.2919334641791	-0.0570090362279009	0.276429132559747				0.0631746162864426			0.240378490354759	
GTEX-15SB6				-0.00680006686895384					0.182253100248121						-0.495030088706565		0.164547228590131	-0.0389610877257393
GTEX-15SHU	-0.266178307261944	-0.271103035746413		-0.342775562319323					0.0844194300290039						-0.338356830308009		-0.127105852154943	-0.044299062074868
GTEX-15SHV		0.0528424224964459		0.0646649885965502						0.0164787066824881	0.0869342723622235				-0.354429483254723	-0.0290139134030845	-0.269840809156214	
GTEX-15SKB			-0.142208852169794	-0.145897343756169										0.0877140603447585		0.0219636825306547		
GTEX-15UF6		-0.0410914467484169	0.101767899572575	0.0139396017652374				0.0881687582284813	0.0560079072141793		-0.00907680566263205	0.0206005307052416		-0.00210158856788346	-0.427989068736147		-0.236605128125444	0.00026363612718678
GTEX-15UF7			-0.226149061582482	-0.256399835215926				0.1517206075835	0.122358948176263		0.0988792638310618							
GTEX-16BQI				-0.149828582773638				0.187740669703311	0.00507382898321413					-0.0418002229034129	-0.0578711120464837		-0.164382115384575	
GTEX-16GPK			-0.0352207373905618	0.011547220900042	0.0183849353965724							0.274338360011744	0.0602443811208078	-0.197864243560355	0.0352798595292291		-0.147846164854517	
GTEX-16MT8	0.26259092013168		-0.219082426265084	-0.0117354856467019					0.27405234359445		0.111413443561918			-0.0181971162874365	0.108243147586086		0.191367198543129	
GTEX-16MTA			-0.0579925047380487	0.0532614488064684				0.168329909742023	0.0605198276921506				0.0763629512891171	-0.066306653908046		-0.0635688331878826	0.339732695219368	
GTEX-16NPV			0.0790944874721669	0.233195297813017	0.0698152548956478													-0.0720929215868033
GTEX-16NPX				0.0724424056285898					0.11492664310844					-0.120992519787128	-0.158064531504496		-0.180305424805669	
GTEX-16XZZ		0.0599506140308543	-0.0862850557791257	-0.395925496240338	0.139286340402713	0.0747507625944781		0.166227298953289				0.00842266924281765	-0.0166094200275035	-0.140052091496046	-0.323991167037378	0.0514305453426435	-0.068977203738017	
GTEX-16YQH			-0.133619891701033	-0.0577359019255365	0.0537515804595775	0.0848108310998489						-0.0603839811990317	-0.00180460900321665	-0.135006743794864	-0.15193408652381	0.0348551458954978	0.00766575885135619	
GTEX-16Z82				-0.00964988129427377	-0.178256005596963	0.183206895700591	-0.487094618932649	0.107842040001187	0.183182785435416			0.247141539495337		0.0181501516684816		0.0505857560036982	-0.020976921172662	
GTEX-178AV			0.125052193210935	-0.0386927528095283					0.288747447503263	0.168391492229807	0.132937961969787		-0.0119134485816181	0.107416222758546			-0.476812772612886	
GTEX-17EVP		-0.0281378692415648	0.0189750278640244	-0.274599753319515	0.510179231964419	0.178092082197218	0.0678035378047444					-0.153462289921744		-0.0311989849680032	-0.442717180977269		-0.0888837706191958	
GTEX-17EVQ		0.15539971754594	0.0721523098604635	-0.00521161330491108	0.0357548539210243	-0.11165872301097			-0.643180994389854			0.15343400944178		-0.195072260386348	0.0483826900901573		0.353447185267435	
GTEX-17F96		-0.0236448155787202		0.127225661244873				0.159993719175132	0.141083938364255					0.00536514330826843	-0.0979141004418947		-0.0634210973285498	
GTEX-17F97			0.396536759709977	0.106275424311637	0.00652225396968867	-0.337878588019212								-0.058061742035769	-0.314498200712173	0.0638121603516308	-0.195766504460647	
GTEX-17F98		-0.0430851037452213	-0.0593505847989981	-0.057428127221899					-0.0837178886102888		0.333588853073977			0.0592375126020964	0.109613795410963			
GTEX-17F9Y			0.369422519141709	-0.0177503233481169				0.289907529423296						-0.0193014883256839			-0.281333457453622	0.161277059918012
GTEX-17GQL		0.129854523517156	-0.0619364724955204	-0.174469596765153				0.115449840870746							-0.33643618766388	0.355186758823449		
GTEX-17HGU	0.409477862810563		-0.236500914487096	-0.143095151859206				-0.481101718405338	0.0262732362072259		-0.0211965416236654			-0.022568206847545	0.0569482502704563	-0.0531231757107184	0.0950653734851663	
GTEX-17HHY	0.00801535651294049		0.0470238618902696	0.177683398918231		-0.0727866319992857						-0.0671304962186789	0.0369246071549529	-0.0631154419915479	-0.354362626172863	-0.00181819740122586	-0.0510229154276164	
GTEX-17HII		0.0193266637898226	0.215285415797356	-0.163567964382771	0.156253230685931							0.267242998967372	0.126355379882467	-0.0623114181187999	-0.268174821608849	0.0405083871839559	-0.117542715259422	
GTEX-17JCI				-0.111116783469888		0.100531840439789		-0.516363402445141	0.211748133820368					-0.0644504293870839	-0.00655580940584741		0.167971568058286	0.00460251951031782
GTEX-17KNJ	0.204234763807992	-0.0453233286924301	-0.110182866850802	-0.0716398047325119				0.196276757673792	0.12208178017438	0.253524034370149	0.171928387777706			-0.0966689883529972	-0.205169912344397	-0.0981158484466808	-0.00207768750203849	
GTEX-17MF6		-0.11930547974876	-0.105897458664474	-0.0195224328006812		-0.0965552342612608					0.178297735795236			0.0486073149356684	0.0592172334040415	-0.0421116351718701	0.278998984368068	
GTEX-17MFQ			-0.189079532293555	-0.123382600214695				-0.734234518166773	0.266826621094058	0.0430505089753504			0.122318162876008	-0.051313069844869	-0.0333159835707636	-0.011297237789464		
GTEX-183FY			-0.19799451252569	-0.0932244201859353				0.210877851916465	0.0937305478879687					-0.00803191114288067	-0.0537555911809482	0.0621965787491495	0.405390403668064	
GTEX-183WM				-0.0228065881527427	-0.0930095916434371	0.159896301126129		0.206225969084638	0.16046486119766					-0.0470180087866765	-0.0477920677578932		0.247630298112193	0.00566532396741499
GTEX-18A7A	-0.279276276790273	-0.139945096582628	-0.110748037038247	-0.0680247933426734					0.120319505034715		0.113438325377041			-0.0756500728210237	-0.15021067350578		0.007278538834134	0.239279978617996
GTEX-1A32A			0.0756011612256275	0.0121283548935765				0.0343223806794647	0.0607978314074617			0.389823123422852		0.00705705222989	-0.266415682225332			
GTEX-1A3MV	0.485274433879447	-0.00264567669843943	-0.168243787785056	-0.124734439607125				0.144539667580812	0.1192169558546	0.145100952993607			0.0862328867362873	-0.0155459404981944	-0.160480481666562	-0.164251191302325	0.366891255753459	
GTEX-1A3MW	0.329381025690955		-0.273409742004415	-0.0249109291109051							0.00846605468167132	0.193039884921916		-0.0150854584827102	-0.235932760069868			
GTEX-1A3MX			-0.104055948768623	0.21006752162661			-0.384844350961424	0.235113569328247				-0.0243050228009821			-0.0688049216421166	-0.0634289997318026		
GTEX-1A8FM				-0.261920520176584								-0.0183788434306318					-0.367865744677473	0.00303540713012754
GTEX-1A8G6			0.27333589005237	0.0163649135826342								-0.148307702259395		-0.17618417343439			-0.288896731521249	
GTEX-1A8G7			-0.233007909298495	0.282576460961674			-0.206026921168063					0.213811574759794		-0.0611243995762688			0.0973618015979089	
GTEX-1AMEY		0.123329360787315		0.0264764462962144					0.123584105518733	-0.357602522926777				-0.0172469956175374	-0.237383662331478		-0.00244548711447815	
GTEX-1AMFI	0.764803496417538	0.0251136199688949	0.0508149483308549	-0.0247578173080259				0.254333085544048	0.138800468178091		-0.0773809654940193			0.0348156132828073	0.0251419731345063		0.304312922881325	0.0128080444224419
GTEX-1AX8Z	0.0229181843163482	-0.0194574893750074	-0.0162091654093769	-0.212768853547497						-0.253133752561392	-0.0234070908866581		-0.0637292998759161	0.0303077145532572	-0.0304722882387072	0.019689775202421	0.0150142728193341	
GTEX-1AX9I		0.093535200661236		-0.0566761821679102					-0.056841075603398					-0.103438335084681		0.0977448964612277	-0.461030078416171	
GTEX-1AX9J	0.212371399631698			-0.153137981561896				-0.52750782517951	0.300245313853306		-0.0457642139345564		-0.0421017685294831	-0.0694536534312825	-0.0992278737752894	0.327309500979236	0.0314747806677083	
GTEX-1AX9K			-0.0262726514592507	-0.170418423104345				0.155800805858194	-0.0703661261713031	0.103792030175108	-0.502015207118706		0.0429197362433035		-0.062359818319047	-0.0166292356607715	0.0203290148030943	
GTEX-1AYCT		-0.0632055929695021		-0.107799205486343				0.0324679922972328			0.0142958019364822				-0.141513281643201	0.131178831742903	-0.211105842612591	
GTEX-1B8KE	0.238076582305052	0.05446682626838	-0.13283124597074	0.201894016920815				0.0863448494206968	0.0763640897763786		0.300909882761088		0.0373608309737298	-0.00726910124046117	-0.238588201699227	0.168716414076176	0.14650975237585	
GTEX-1B8KZ	0.332666497197844		-0.219195692821775	-0.00240016892144244					0.0692746525590974	-0.111918829225258	-0.0299980953357114		0.0473272483700071	-0.0152747989466499	0.0566836748868669	0.0145727141912664	0.209484133648726	
GTEX-1B8L1	-0.0541115385189767		0.0869230809166777	-0.0966676699422391				0.313179300959348				-0.0118512520160257					0.0424452136781235	
GTEX-1B8SF			0.233546340233897	0.145141102535212						-0.211143053179948				-0.103609580868599	0.188462712346437	-0.0420141498973223	0.101034832511552	
GTEX-1B8SG		0.0296172984728	-0.0460307909177161	-0.110752586398681	-0.0337111936254841		-0.291677773903636					0.314752414713743			-0.0775635660943032		-0.288185174131612	
GTEX-1B932			-0.245984120716501	-0.0472022758937681				0.0832451404387317		0.0133174485164429	0.104593602552216			0.0535542047280299			0.179242696270723	
GTEX-1B933		-0.0959359017963198		-0.101900308444274		-0.0180250045191375	0.070551423217744		0.01186973389979		-0.174250006257701	0.442060630462945		-0.074470021493441				
GTEX-1B97I			0.0488984132868092	-0.20513397756067				0.15664417663886	0.0423707411462173				0.0334101345052562	-0.147543973744721	-0.0870773776796371		0.0272497430212584	
GTEX-1B996			0.02422315523299	-0.314714494376914	-0.11250111164975	-0.0267398253146028	0.0548625325597254	-0.618653322714246			-0.18559552271056	0.0991724187066662		-0.104357662288082		-0.00633201748279885		
GTEX-1BAJH	-0.150179193987371		0.0955194636042543	0.158539633110401				0.161308645364759				-0.088570795195901		-0.11547039412138	-0.179407610663625	0.146835834509845	-0.0836794671291513	
GTEX-1C2JI		0.0816016210006349	0.0427713593764975	-0.0557861582832717				-0.188124028334003	0.12256872250742		-0.133757970118799			-0.0730367217215924	-0.443212175196192		-0.315513854345439	
GTEX-1C475	-0.424645053057408			0.00760700136971498				0.361909889834614	0.116023650829359						-0.611549594153512			-0.198458694101764
GTEX-1C64N				-0.166137360751013		0.172912332003789				-0.149974258941008					0.0741701934503269	-0.0289114596309694	-0.0300885417308015	
GTEX-1C6VR			0.169833508952815	-0.236563603671967											0.00766093025088775	-0.009393568479378	-0.202894702851605	
GTEX-1CAMQ			-0.120943142782573	0.0768167640187719											-0.10903730602294		0.315802694199975	
GTEX-1CAMR	-0.277170644396184			-0.217289562328037									-0.0017533393620394		-0.200965491159032	0.0366457872021809	-0.230364965988982	
GTEX-1CB4J				-0.212815859716897								0.0385457919105386			-0.224919602222209	-0.113233384901574	-0.032600367796731	
GTEX-1E1VI				-0.231573260331571					0.157284974513529					0.116042153752925	-0.246998185995529	0.0639395503034828		
GTEX-1EH9U				0.158917654769308					-0.0102244259505112	0.0809925455725964		-0.0586974958858885		-0.0249980893150406			0.244932707114028	
GTEX-1EU9M		0.0127252961559818		0.0663729859552599					0.28574226340685				0.1339503210221	-0.186905728611888		0.249761613434401		
GTEX-1EWIQ				-0.343473948165281					0.14074304729835					-0.123685920943421				-0.0986365162448012
GTEX-N7MS			-0.466223823596354	0.097119688384583	-0.0175560608394504	0.0756645141527142	-0.0387182895029492					-0.148808087540039				-0.00375245610991733	0.383244662164019	
GTEX-N7MT		0.284632312476455		-0.160447539051465	-0.154299445581157	0.106689641478895	0.0843560005969027		0.087638114922066			-0.26981924011499						-0.0107453046752087
GTEX-NL4W				0.00478191985499293	0.0158811849925439	0.19771241994812	0.114803017916069											
GTEX-NPJ7				0.0535333024500968	0.0291177329142988	-0.0156014301022028	-0.171115993820862					0.329612318250928						
GTEX-NPJ8		0.137951206269413	-0.359172289667453	-0.173890222531374	-0.0901312699149357	-0.0549506557743989	-0.172458859087586		0.23596093899384		0.26205102082189	-0.161204371044584	0.111658331010631		0.128574684873232	0.186789189287526		
GTEX-O5YT	0.05139909156446	0.263414727249163	-0.318686831181107	-0.143111045373338							0.0149906438846029				-0.103273193730597	0.15160949753171		
GTEX-O5YV	0.224923284153993	0.163532945598442	-0.0234855068266878	-0.169220384614648					0.232993437286085									
GTEX-O5YW		0.239072386206929	0.0582016022918794	-0.0477774664193465											-0.183521886102385			
GTEX-OHPM		-0.0407444342855165	0.100271233711368	0.13426438413691							0.0573158540225604				0.115033867926688	-0.017446994307563	0.0916112261829123	
GTEX-OHPN			0.0210227647021198	-0.111124973850943		-0.00211969782837463	-0.0465299825832014											
GTEX-OIZG		-0.0685618045818772		-0.107319195560352					0.196686709644268						-0.331569940678054		-0.323840478800929	
GTEX-OIZH	-0.0329649872713853		-0.240213751478317	0.0895459008475854					0.0325033518283071				0.199057799340678		0.056405939638345	-0.141717107996698		
GTEX-OIZI		0.25464599772921	0.223409565377878	0.0451073049444304					0.2164913092513							0.0755419698041328	-0.165726501560991	
GTEX-OOBK	-0.116600530278884	-0.105072654603427		-0.285309877669828					-0.0341622347594432		0.189011652531071		0.0994362087625895		-0.461266336509964	0.0429682419913309		
GTEX-OXRK	0.326204298021035		-0.253035744438046	-0.238403147751432					0.0305187487941564						0.060814365333125		0.193175588079358	
GTEX-OXRL		0.118002058058068	-0.0611617237450017	-0.14439550933428					0.071735857691813						-0.221376484780155	0.135955400483685	-0.191202192999924	
GTEX-OXRN			-0.070326158962768	0.106671201979786					0.169432669016455			0.0917724377815451			0.00283275247154066			
GTEX-OXRO			0.0729466183592417	-0.0283782558273681			-0.151405593059225								-0.175602531588207		-0.0162352054611545	
GTEX-OXRP			0.42942445892787	0.047303442803269					0.236471175852132						-0.633613001562666		-0.330248036168612	
GTEX-P44H		0.113527254205033	0.00613805064412118	-0.341215086275581	-0.236986415578181										0.0566758131788674			
GTEX-P4PP		-0.0534032926441826	-0.0680219376863145	-0.485454998402525					0.0455953501248702		0.152408383004782				0.136317951283164			-0.0448103060523528
GTEX-P4PQ		0.17103452765937		-0.169304204192566					0.353937738591578		-0.044785792078461				0.00289693562534009		0.119323796452563	
GTEX-P4QT	0.704042782181768		-0.238955552592256	0.101354048357647					0.0995361615571344						-0.0171435405650659		0.356965494847693	
GTEX-P78B		-0.121682088703992	0.0528320054433192	0.177958002619383					0.0305485426226185								-0.135405380235546	0.011679385937024
GTEX-PLZ4			-0.0057390984307332	0.043359203888922					0.124024638059512						-0.188999485770617		0.0399535359100262	0.0540734630809947
GTEX-PLZ5	0.140029184019552	-0.0515036553215183		-0.243164318000891					0.133393522672388						-0.0708182385831948	0.112695524935781		
GTEX-PLZ6	0.172035458590827	0.0441885638711252	-0.259517650688864	-0.153582056573732					-0.267657797516743		0.109891430406356		0.0934111893191729		-0.00963825963504619	-0.0304254748528193		
GTEX-POYW		0.165997571005635		-0.15691163280683					0.240111982644221								-0.0869274604558813	
GTEX-PSDG		0.0262153819308393	-0.0316726002376813	-0.0416382604077474					0.134868955996537		0.00611324789063597				-0.120451351600446			
GTEX-PVOW			-0.00542524010038911	0.0915721470341228					0.324670923520845			-0.0125615062859386			-0.407735837893741			
GTEX-PW2O	-0.493225229777388	-0.0495959762650662	0.0306564180604769	-0.371866544998025							-0.0230164091521231					0.088504490656203		
GTEX-PWCY	0.499516472724432	-0.0173165874352103	-0.258193612283308	0.365089748315672					0.0662304117515473						0.19571775918646		-0.22974332018371	-0.0638551358052038
GTEX-PWN1			-0.0530498455312811	0.03455577074561					0.154191210223742								-0.315461347435236	0.00603101299900231
GTEX-PWO3				0.272583271430722	0.0530909978127492	-0.0937431490906105	-0.0532489099103129								0.071552137268241			
GTEX-PX3G	0.229045640427777	0.112376953409243	-0.150717100727928	-0.0849021007422104							0.234185493857846				-0.311414782071425		0.0616244123854314	0.00858000025273051
GTEX-Q2AG		0.248498812227306	-0.167278439158876	0.0111845255516255	-0.0827971802534884	0.0795161088728344	-0.0397895111399676					0.191402064481334			0.101226330537872		0.0271868030664677	
GTEX-Q2AI	-0.169799066914037		-0.165699716598135	-0.239441193698424					-0.219247085790205		0.0198217672151511		0.0222791698635506		-0.221597491020241	0.169880187573482	-0.0164258447649908	
GTEX-Q734	-0.00589866313746018		0.0299687189314317	0.0560506693515828							0.218711484876548				-0.143348615627315		0.0961601232218039	0.0434126608955734
GTEX-QCQG	0.0612273757684799	0.193496569485896	-0.0426527812466721	-0.0210885048004723					0.10714624842639		-0.0611771189636901				-0.336024822531177			0.0622405182777811
GTEX-QDT8		-0.0285142368124045	-0.0768885510309937	-0.287794957260868	-0.0414604609970999	0.0884780690474338	-0.107070928969706								-0.0445272368184506			0.049572527398951
GTEX-QDVJ	0.0653483977290751	-0.13107865613532	-0.126747379989581	-0.133653796250142					0.451020125156191		0.049162524161057				-0.119826823095134		-0.31682457309825	
GTEX-QDVN	-0.641543208167096	0.218733734769378	-0.132574684709682	-0.123411541702569					0.0509050177348665		0.0436311214700927				-0.11227972710805		0.180660799908736	
GTEX-QEG4		0.0062473886785597	0.550771261077362	-0.0425807606850317					0.300939904157076				-0.0972522779520688		-0.488927163696551	0.180901918769132		
GTEX-QEG5	-0.00843434998439319	0.388787667615841	-0.0933676165470873	-0.15534135423687					0.128232778876599							0.0289914378839193	0.0262184134113539	
GTEX-QESD		0.0640546254174038		-0.0520332153283263					0.116169029418924		0.135541246268573				-0.184050810581826			
GTEX-QMR6				-0.179330220356808	-0.0386142791427536	-0.0115045739017089	-0.515012416651226											
GTEX-QMRM	-0.0906098942681612	0.00470590547202296		-0.102120269269343							0.0956081419767267		-0.0616214083937834			-0.0439084997931208		
GTEX-QV31		0.0746668618991309	-0.0860405606584592	0.00713226739786788							-0.0465449169300882		-0.281890992370713			0.00910119610570312	0.284368776786523	
GTEX-QV44		0.158885221984056	0.0590178363415805	0.124095508278881					0.0828432679898704		0.103179990590341		0.0628043855735111		-0.281291941100765	0.080430823899521	-0.0732970991713579	
GTEX-QVJO		-0.166496702322003		0.0601171293643132	0.103758797555908	0.0702454452253372	-0.0570836411896274					-0.0476743450946663			0.0565671497373591			0.0299228533543286
GTEX-QVUS		-0.102060483960399		-0.352198244769923	-0.0792347479003665	-0.268689502374107			-0.0182021442639574									
GTEX-QXCU		-0.20749015367329	0.0732527325760555	0.360565931075652													0.0562262883251206	
GTEX-R3RS				0.0039847950686727					-0.0677406803569482						-0.129965803600956		0.278902051151396	
GTEX-R55C	0.348130255312714		0.0367920772792497	0.224096942231949					-0.0184666380541679							0.122543973300986	0.132806670883737	
GTEX-R55E		-0.028502476132581	-0.135351242465333	0.0793691086379987	-0.0301326009339698	0.135894772412631			0.186579518108718			0.0102824141667603			0.0936160191466895	-0.123432969676221	0.177409625597452	
GTEX-R55G	-0.861745578833298	-0.0751723835571054		-0.171261700452179					0.266830606300769		0.275191873808862				-0.101858320735336		-0.282791796787323	
GTEX-REY6	-0.246988429615315	0.0160915205919368		-0.0556220892751139					0.143477656480629				0.0406231676033742			0.141116050738552	-0.228978515009434	
GTEX-RM2N	-0.0839668841680563		0.149029517226869	0.0834109947351384					0.372024099814972		0.140209327594631		0.215664121863774		-0.185217700052519	0.295928438298058	0.0834644481594174	
GTEX-RN64			0.125515713556263	0.140147795511438					0.195497456490813						-0.127468027601494	0.238458976480832	0.0581070381897254	
GTEX-RNOR			-0.00598934172211776	0.076220816740787					0.380510742110076			0.00331679784634297			0.0146415986449687		0.29790250327841	
GTEX-RTLS			0.103882256999843	-0.176909269316918					0.346285883329036						0.0232939354561974		0.0783369895725721	
GTEX-RUSQ	-0.245561387661791	-0.000267413554926266	-0.0960144963905489	-0.192030592329998					0.0649975522881899						-0.0967088633371936	0.140967916082485	-0.0509908162963007	
GTEX-RVPV			0.00191341215066354	-0.168196656499543					-0.106257503280028								-0.346345256885522	
GTEX-RWS6		0.0278192888273697	0.0527532823653273	-0.00444443444987659					0.0858427761976923		-0.163804145999738				-0.0721897751876585		0.152105356755981	0.074995458286108
GTEX-RWSA		0.138742166297456	-0.0425705687683683	-0.146676596291293									-0.135884164416766		0.132742077822584	-0.0468368850556168	0.129221838624354	
GTEX-S32W	-0.253461201703128	-0.120278093104727	0.227914688586269	0.105476937861902					-0.0344994836969219		0.149020206179538				-0.151222586588392		-0.173825549640194	
GTEX-S33H	0.376504490054089	0.222191988302841	-0.0247772014183931	0.0753967284637035					0.108412472807278		-0.0215158059622402		0.0281501945090389			-0.105399862487616		
GTEX-S3XE	-0.571571037136274	-0.279244794930805		-0.136383723009742					0.0116793392138086		0.23672598402157		0.153279334913437			0.0219238294148111		
GTEX-S4P3		0.232461058170471		0.00674064942025721					-0.0852076268273051		0.115772492379232							0.0756058198294037
GTEX-S4Q7	-0.131569828197446		0.0963462950357097	-0.30660440365001					0.206234190713781				0.038330058509434			0.0925450705036373		
GTEX-S4Z8	0.0852473043727648	-0.137178606629778		-0.217271408177766												-0.047962629934104		
GTEX-S7SE			0.148225820627995	0.0233446047755006	0.0882652507016971	-0.0162804805460031	-0.306781619612464								-0.00267980544506233	-0.117988601382796	0.322366725465783	
GTEX-S7SF				0.0219420715958425					0.251563372151421								-0.0297948614492307	-0.148163851507282
GTEX-S95S		-0.0754993684630798	0.0880993075490054	-0.225888739239729					0.157835896151953		0.181422539818792		0.0381204560206128		-0.389503059166295	0.0283189171645118		
GTEX-SE5C				0.0968109977464979					-0.0340781159389191		-0.0269964696425712						0.265437158731456	0.0619895911986857
GTEX-SIU8			0.30635632408127	-0.312828903520085											0.104007695157869		0.344655146406214	
GTEX-SJXC		-0.0312370383002543	-0.155752763543035	0.189150013818638									-0.0759751574927425		0.0811214664926851		0.348481495345661	
GTEX-SN8G			0.0201659111977239	-0.232192732222766											-0.261583615941537		-0.0451288219067705	
GTEX-T2IS			-0.185235807392776	0.0150204386377837		-0.0878321869523904	0.0502517613369424		-0.0691846110440965			0.184950674393892			0.0406385702395604		0.360419412829152	-0.171468254798995
GTEX-T5JC		-0.082883867273054	-0.211654356739511	-0.372089308932547	0.422572328531997	0.400007516946164	0.0568011625344944		0.055582678514183			-0.244311493696905	0.0571565852196009		0.210506203324517	-0.136911391486928		
GTEX-T5JW				0.0511088935162422					0.299655821704387		-0.0911313577716182				-0.371684822436275		-0.0413033259200576	
GTEX-T6MN		-0.224349271994622	0.0537372004621365	-0.23758987975221	0.143225393936503	0.178111255763529	0.156632913437867					0.0199302941096227			-0.153872294509213	0.0325525884116304	0.0300712196282924	
GTEX-T6MO	0.265686549179144		-0.16406078309861	0.22601369137039					0.258575773661584						0.110094793785265		-0.121272470200498	0.00644320887415312
GTEX-T8EM		-0.266053680264039	-0.0717781219556428	-0.113277954511634					-0.111906867512214		0.392673987591881		-0.0710545068719559		-0.0744028564002078	-0.100902111436018	-0.0394229829059961	
GTEX-TKQ2	-0.103991304241982		-0.0756473952760234	-0.144723013772167							0.188971609216146					-0.0287034843033659		
GTEX-TMMY	0.0833874736270125	0.103512087831212	-0.0482193411798893	-0.0376998642304273					0.0695756858169089		0.0356094878061851				0.0391876230632821		0.219376710902218	0.0136157870701581
GTEX-TSE9			-0.179030478182082	-0.0917921960541278	0.0781908221101965	-0.179152529022505			0.00124710481469064			0.0516763822227018			-0.0231484715206632		0.302537358295419	0.0629507537757574
GTEX-U3ZH		0.180273092849806	-0.0255437300347358	-0.0264778035866118					-0.0946666576861014				0.0631406650736265		-0.101403542108645	0.0731574644780704		
GTEX-U3ZM	-0.0339103798653544	-0.0458635130031819		-0.146735961908705					-0.035210381699761				-0.0742192128457827		-0.132802210389017	0.0606280998544775	-0.0724714354923515	
GTEX-U3ZN	-0.498579524702931	0.00262455988173585	0.064732861290922	0.0261207309955063					0.395828556629705						-0.32640978151061		-0.39267935569938	0.230834598797445
GTEX-U4B1	0.13872560744229		-0.212935582571357	-0.0247125408083961					0.0410456850399034		0.100730801341072		0.0524731903417424			0.0388106265240833	0.299203687100175	
GTEX-U8T8			0.108739567397298	-0.149385634303107											-0.320087820235223	0.110334105045567	-0.0505083311311812	
GTEX-U8XE		0.0811948675796594	-0.0998051572818947	0.0139420153360795					-0.0233996258055688		0.116984019554883		0.00822853166463413	0.0622811239595131	-0.192155235459282	0.0389020384960554		
GTEX-UPJH		0.032026647970496	-0.17637354660215	-0.183512025418788										0.109851339399225	0.0794459940097873	-0.00487247866970315		
GTEX-UPK5		0.0591726070539685		0.0612385204356231					-0.0267366841310715					0.0546359023263883				
GTEX-UTHO				0.104945556000687		-0.0357815497078828	-0.110107658331881					-0.280956177148425	0.232762846601362					
GTEX-V1D1	0.307998996750519	0.0627694313804431	-0.224657189458728	-0.0931413786978162					0.28575592051148		0.0707763838514712		0.110222037358712	-0.159118878823235	-0.11313715160518	0.196081512693949	-0.136186091010778	
GTEX-V955	0.184384308565972	-0.0266159121778116	-0.0499182899788727	-0.0715505190222845				0.164003607494892	-0.075473295456701		0.0677980602657476		-0.160203602717952			0.0611705751527305	0.0823131048799174	
GTEX-W5WG	-0.0844134549683092		-0.025949635238004	-0.247504380869991					0.00514170623071392		0.196519759072114				-0.0305568428775907		-0.0689226125024723	0.144559667243121
GTEX-WEY5			-0.0759451493865296	-0.262298966982866					0.0166904223159148					-0.0975755006675101			0.21277754424211	-0.0320775467917498
GTEX-WFG7		0.111359579344098	0.0207699734155767	-0.113936260445313				0.0698823310872681	0.019707900898605		0.242744602206668		0.139514321013852	-0.0211651429800052			0.0324869051854716	
GTEX-WFG8	-0.389696248446658	-0.0309737426070831		-0.0163147015175221				0.308457009015089	0.14339452902326		0.246270527034151		0.0440806298105844	-0.149021952209504	-0.440465985507476	-0.0316295738560571	-0.288967426103765	
GTEX-WFJO				-0.148791544136292					0.0753677669024653	0.0123208101387341	0.148575747625413						0.238761842812785	
GTEX-WFON		-0.0427749656356776	0.145515102895247	0.209468107617715				0.12719245707223	-0.236666981556663		-0.212705343888868		0.226191005420427	0.0628636949117113	-0.306145815450307	-0.136425968371494		
GTEX-WH7G		0.149856636144227		-0.214278065578762					0.266242498527394	-0.0901046447224081	-0.0978420506560589		0.0909790793218768	-0.180867898869299	-0.299128850286294	-0.048131605862576	0.268736548168649	
GTEX-WHSB		-0.0386264406883643		-0.196694275625708					-0.109529231931584	0.0662693001334551	0.263286386558046			-0.0759807909741543		0.0294528106862226	-0.0503993448329826	
GTEX-WHSE			0.337698956679139	-0.117213251990902	0.251757964855658	-0.154380939662356	-0.061611834869555		0.183907501254654			0.0743897327132735		-0.00307759564309404		0.00041577781010017	-0.0691635025141764	
GTEX-WHWD		0.0036041975832723	-0.208858008043988	-0.272403984119529				0.0863174937108919	-0.0148348845443099		-0.0643773039095836			0.0471453798698192				
GTEX-WI4N				-0.146034198122772				0.368750353664333			0.156078374098746			-0.0901566522052946	-0.100009063298372			
GTEX-WK11				-0.255920192297412					0.108143698078191				-0.115051664182048	-0.0828304678803469		-0.144572571709464	0.0923239459839185	
GTEX-WL46			-0.0325252937147093	0.041035420605628		0.0977743764278891	-0.275641064982611					-0.153802362554145					-0.00864187274131006	
GTEX-WOFM			0.0108156625110059	0.187421330106253					0.177697922788697	-0.129475059947656			0.073386763959417			0.245523294207611		
GTEX-WQUQ	0.227161734954484	0.0377907210205389		-0.327573954489643				-0.0860972587348995	0.119309674263817		0.127222604589694				-0.337193001259193			
GTEX-WRHK			0.362388526124078	-0.107419426892956				0.215535487290752	-0.478462958882032		0.0379627201482383				0.0312728468272525			
GTEX-WVLH				-0.124762566470901	-0.0389971592865048	-0.150354663404431	-0.395168806632486		-0.0329724220659839			-0.0847230120835892				-0.0474699039629699	0.0309743813906896	
GTEX-WWYW			-0.349503899987487	-0.0418043293267947	0.0706202228629935	-0.347296444604951						0.115365191400835					0.0967162553563444	
GTEX-WY7C	0.566977991964011	-0.0820250320379594	-0.149168826630631	-0.24441550621953				-0.531189364928035		0.122966411025442	-0.0774293362372043		0.0827513636789893	-0.0738898300057858	-0.150437767924701	-0.144424313349168	0.0895593600407102	
GTEX-WYBS			0.237204008097489	0.00550181175362833										-0.197288970094031			-0.238419362605048	
GTEX-WYJK		-0.0652241135127993	-0.0723428719796198	-0.17380121194284					0.0551653931447155		0.053674981203898		0.106692101858029	-0.0937366520610233	-0.296849124318314	-0.0205026467068866	-0.0223618530104236	
GTEX-WYVS	-0.0414899372521747	0.0522367838521554	0.00486348607281763	0.0523141615492559				0.296254198279713	0.170230845220173	0.439056092371989	0.283922420889775			0.0452133683179142	-0.208746978891139		-0.0210325156915428	0.00518806439135592
GTEX-WZTO		0.0837210540424584	-0.0141108126804728	-0.0327671117427988	0.238631446626131	-0.186762332841799						0.315325603155411	0.133300490344415		0.0120466023770096	0.00564871502438804		
GTEX-X15G				0.197855655151843				0.141800626652542	0.168697933493274	-0.124048708019083	0.0490048829178105						0.230486661681256	0.0638940142253613
GTEX-X261			0.020495125590358	-0.006855443415487	-0.134390486671634	0.0204980158833063				-0.11364548916458		0.00760873340655294			-0.0289467720789165	-0.170210404467153		
GTEX-X4EO		-0.011709215523227		-0.0170070001141294				0.0637969206009103	0.131209464717217					0.078846064050274	-0.149997183321041			
GTEX-X4EP		0.0313830754400316	0.0249820045583939	0.282088150856043					-0.342761982561744			0.0628158743708285		0.0831344955479268	0.0892582116283144			
GTEX-X4LF	0.0386310899989593			0.0520117371290764					0.273223079429011		-0.00630083005048252						-0.16020897836588	
GTEX-X4XX				-0.145091264753491	0.175896108199491	0.0967744580150052	-0.233080621076606								-0.228977892773044		0.00483385800836191	
GTEX-X4XY		0.0240952094026914	0.140153803520593	-0.497214015860987	0.321021008161806	-0.19551929626911			0.139492054588954						0.240952397829808		0.233123580941603	
GTEX-X5EB			0.189421171436145	-0.0903904994776621					0.0684187813719212	0.421997230475778	0.342421113637205		0.0487611975612208	-0.174760981821473	-0.301350905758283	-0.0135410323562016	-0.266851059633405	
GTEX-X62O			0.209143862915061	0.0945139475870092					-0.225741811668231						-0.352707309620423			
GTEX-X8HC				-0.0619379356141041										0.087237426703078	0.0146191849142611		0.186000045680869	0.0275713582094517
GTEX-XAJ8			-0.248345248966969	-0.0496409919537483				-0.859717295646613					0.0447166377251529	-0.0601756608299562	0.0495122910954682	0.0651100282993361		
GTEX-XBEC			-0.23526516323521	-0.355997424010196										0.0388681436334429		-0.116652177393266		
GTEX-XBED		0.114718829336758	0.0562079880453962	-0.0971646252145498				0.190747918279328	0.128274399964796		0.153538672337686			-0.0584586001374487	-0.282147642992254	-0.0121006927419811	-0.00883032083600127	
GTEX-XBEW		0.0953460841637046	-0.0172879208814281	-0.284936538914649					-0.124064947799821		0.0633787576769777			0.0291308372338546	0.0503973510449103		-0.0979430674935241	
GTEX-XGQ4			-0.279028526495827	0.0454547427608682					0.0871305482496988	-0.0750820715772503	0.000548023107939888		-0.0872380381105335			-0.0511953638533728	0.0316887229834317	
GTEX-XMD1				0.200375455572456	0.0848681828455593	-0.0866432123204478	-0.0641659611523275											
GTEX-XMD2				0.00758346813768802					0.22073256310746					-0.169224066928881	-0.535756793188582			
GTEX-XMK1	0.11151895681282		-0.155010982508117	0.0266462414551975					-0.020614578334802	0.238451953132344	0.105096646089952		0.0609648912588096			-0.13536478073615	0.0809164689173746	
GTEX-XPT6		0.0618781523090725	-0.261536615807237	-0.10063866036182												-0.0500349247684687		
GTEX-XPVG			-0.0856536553502573	-0.0595037710116328							0.116720333305524		0.131602431799757	0.00961857886068597	0.00166866991811418	0.0628254599855417		
GTEX-XQ3S	0.0103996126670477	0.219260814699557		0.118057460847879					0.130951781097382				0.0725170912928469	-0.0739331013440894	-0.113935012479781	0.153068828977063		
GTEX-XQ8I		0.135241972865048	0.00488432352701319	0.128677492260835				-0.33392752655057	0.0896824666862402		-0.0356329934466664			-0.153717824346397	-0.101143615897686			
GTEX-XUW1		-0.0884187289240219	0.228950839561173	0.0505449144624921				0.316853278258856			0.206181120281633			-0.192514946701473	-0.162131998728568		-0.274176383786343	-0.0846211083153633
GTEX-XUZC	-0.419442639316129	0.0597449719410771	-0.112266396194871	0.103834162244455				0.107161614643045	0.101646495577675						-0.3362870580317		-0.314025631716705	
GTEX-XV7Q	0.00650074337626799	-0.110077070269028		0.0122228832645916				0.0669542467416655	0.243848720876335	-0.245244181831481	0.196286029034575			0.0321572300717058	-0.202170978582646		-0.0322530554183668	0.00491570662842724
GTEX-XXEK		-0.0485261359847475		-0.17232158475779				0.075968375365507	-0.269956317640366		0.0779647702721958		0.0125887796635998	0.136132673627322	-0.232977978792147		-0.200241323462216	
GTEX-Y111			0.00206889510323491	0.0419797729183272					0.217590236415492	-0.0144604194911743				-0.0814094472034421	-0.199947804849456	0.0809160277583307	-0.149119123329766	
GTEX-Y3I4		-0.12982821000993		-0.476331029047491				0.0718806126537385	0.170307376434985	0.0523334015979381	0.254993551084837			0.00547841609579598	-0.0857798929388791	0.139680890439712	0.0597872804438115	
GTEX-Y5LM	0.227251730420388	-0.0210187864174972	-0.0235903414848133	0.0166365594360502				0.204706832033947	0.143059087780449	0.0618921324625276	0.0339417328704185			0.0515613889233907	-0.12160846006853		0.111614948210446	
GTEX-Y5V5	-0.278421404418314	0.00538413867947848	-0.184323572834134	-0.174865913621068					-0.0661580525752846		0.125858303631636			0.00159075591422636	-0.180971041081655		-0.00157608465675928	
GTEX-Y5V6	-0.150766824683717	-0.108971837443821	0.0538867277843429	0.10375483378448					0.178347118334564	0.127394463285458				-0.0264285735839256	-0.139455247147951	0.080651663486886	-0.215701151342187	
GTEX-Y8DK			-0.0542856928175798	-0.0890530857358431		-0.0437634220847527									0.0196960615346758			
GTEX-Y8E4		0.175563259693006		-0.275620225829183					0.20576818577987		-0.017880218099836		-0.0528118119392237	-0.140043793381893	-0.154649178018562	-0.15302806955328	-0.246767697301202	
GTEX-Y8LW		0.0605767388677331		-0.293782763987929				0.238261623409777	0.1328440627514		0.273071069395243			-0.0941095796140093	-0.109079509802855			-0.061725172222845
GTEX-Y9LG	0.470647600855353	-0.158610410110078	-0.0825199264566996	-0.1037497930401				0.17666384584611	0.143924768725813		0.117987072444226		0.137305246930492	-0.0227721071226229		-0.181046257433796	0.247770604860517	
GTEX-YEC3		-0.135010776269482	0.0364376480261853	-0.169210859827521				0.239427998574455	0.227640526409413		0.302701272610803			0.124475448395395		0.15136032255119	-0.384514026737011	
GTEX-YEC4		-0.0323908796540107	-0.230027307845632	-0.257941946780697					0.129801739660549		0.0175765400058264			-0.0211644090551406	-0.058378681822974	-0.169456865741121	0.393455249513758	
GTEX-YECK		0.132464439361765	-0.110169922171343	0.0525468479964121				0.264615421969474	0.250686715987898					-0.0433465303671831				
GTEX-YF7O	0.420143942231328			0.0208414217848921				-0.698889678149496	0.202114520563534	-0.0288160533697429	-0.413479659142113		0.0574857243371709	0.0147983189260518	-0.120721452312719	0.0503072429869524	0.109613469120479	
GTEX-YFC4		0.176599685385676	0.0176807010912813	-0.0500960107089152	0.051557402500296	-0.0742455015014293	0.166556320879298		0.225277975826131			-0.107793876455126			-0.34562485713814		-0.0616727421358267	0.0629028133135546
GTEX-YJ89				0.00709234713925775	0.0574861286463889	-0.144895604054151	-0.0174394150003804		0.0201675408101463						-0.17230040586445	-0.181246437414283	0.358031668950805	
GTEX-YJ8A			0.103354925020227	-0.0238797183737549				-0.118001017283786					0.120797102290646		-0.0359295389273585			
GTEX-Z93S			-0.0196535233420547	-0.021401504305542	-0.0104094107841019	0.0257190392883108	-0.0668317028071045	0.203243658493325				0.0957944417064867		-0.034373022514986	-0.449408574518082	-0.0186700252190825		
GTEX-Z9EW		0.119391297451692	0.175471684850671	0.0697800924971564					0.240641044427228						-0.135310881239412		0.150847573179774	
GTEX-ZA64	0.10457041801481	-0.0181968526783663	-0.0744109766316086	-0.0165155577479868				-0.699521774300555	0.26842187602762	0.247810819596274				-0.149524937258906		0.0812805800086961	-0.150527028414189	
GTEX-ZAB4		0.431238975181876	-0.0549196868899089	-0.11561501916533	0.0553843868375092	0.0437538887014124	-0.15713726502639	0.333870774576323	0.154281952982355		-0.231666180647512	0.539694032539655		-0.049874398768528	-0.262850315161278	0.204332147991826		
GTEX-ZAB5			0.0766828358060945	-0.166760154673665				0.170782207394582	-0.0159624857597191		0.125307385634782				-0.226906702771978	0.0502122500443845	-0.0137283559712104	
GTEX-ZC5H		0.200578285388239	-0.0303150514235176	0.112621343293633				0.237236875379657	0.189906218936211	0.19381988133191	0.0782429609952197			0.0472559752310554	-0.214455870803508		-0.0981683392342232	0.0125517170375194
GTEX-ZDTS		0.0294104041392267	-0.161146374199648	-0.0988194260175963				0.222201720516049						0.0980777206009209	0.0321070724650207		0.222862888001258	
GTEX-ZDTT	0.140158432848185	0.0089078454174442	0.117982769638001	-0.152500456123644					-0.265165604953157		-0.151419972256019			0.0535380983661621	-0.272247152002051	0.0554026803337827		
GTEX-ZDXO		0.185964193167143		0.00205606737493645	0.0484321396104364	-0.0401253707863334	0.0582106600793333					0.225874702080023		-0.22300845389505	-0.269005234044441			
GTEX-ZDYS		0.156138188969722	0.123540377818116	-0.0222028083047316					0.159640638251896		0.0504115688465618		0.153056545058423	-0.147565096697523	-0.205574042432688	-0.000739577113505821	-0.210470323654436	
GTEX-ZE7O				-0.195731389793056		-0.248779211376075		-0.0931451946621343		0.0396543073962876				0.0218523429777176	-0.131994539981171		0.0524743512609279	0.0488349478631797
GTEX-ZEX8				-0.196561075847573					0.145866993110356		0.151104801840119		0.0808582415281243		-0.213539760391559			
GTEX-ZF28		0.262612637166835		-0.284431674103494	0.106835325861771	-0.038293853109594		-1.32760982935988				0.16788316221469			0.228027276263725		-0.192552860284374	
GTEX-ZF29		-0.101921719992843		-0.231672533604534				0.186885354965024	0.154682429755284	-0.0379135165499212	-0.0937153959610481			-0.233907987480506				
GTEX-ZF2S	0.153694600460718	-0.0287630977164834	-0.296232065117034	0.0899810178700707				-0.694858218123762	0.390311600186136					-0.152369952468246	-0.0215095334404623			
GTEX-ZF3C		-0.0515047309717444	-0.156280620476021	-0.099377465611669					0.303472110729527		-0.139911396683547							
GTEX-ZG7Y		0.108012947308895		0.0453510774333351				-0.409209589244914	0.117541956834146		-0.390360132867419							
GTEX-ZGAY			-0.0934178196997469	-0.101501431121719					-0.171398655341703						-0.10117154050483		-0.0314754363239601	-0.17421646975533
GTEX-ZLV1	0.223003252383654		-0.152863359158504	-0.225271262878585				0.285164733940407	-0.00732653574268795					0.0459708730775188			0.219862980899357	
GTEX-ZP4G	0.149775635436316	0.178939330109063	-0.11575736464735	-0.233650681556571				0.229211550391206		0.0794590350666042	0.152505093919973			0.0149685206071594	-0.10158360859213			-0.0769291179778925
GTEX-ZPCL				0.0464668134524549				-1.15925682982866	0.305725987626242					-0.146481440610704			-0.170671944857069	
GTEX-ZPIC		-0.00857812529081303	-0.329651977858149	-0.163573810273454				-1.18235355172359			-0.22480900237874				0.110510020275833			
GTEX-ZQG8				-0.449240338278122				0.153141908166832		-0.0682332764052712					-0.331310435260644		0.322865330396009	-0.0475984315660576
GTEX-ZT9W	-0.173616648201746		0.0453319140451265	0.107551991539841				0.128953886617572	0.248062946138196	-0.099008267402648	0.128655719361751		0.0648298606429105	-0.0475580579846243		0.198239089028484	-0.0164093455654578	
GTEX-ZT9X	0.0202786354089233		0.232960973926912	-0.147939317464828					0.0926903513542567					-0.189824735833622		0.321922666182339	-0.223499788956912	
GTEX-ZTPG			0.0824047672332185	-0.170919882299184					-0.0327332115365618		-0.0468839301009293				-0.200369824919468		-0.268336071265935	0.0108073529324462
GTEX-ZTSS	-0.00954862247305763			-0.145851350829919				0.276428478608804	-0.346968132764229					-0.028529402297794	0.0306347314804478	-0.00225243772828409	0.018309382202587	
GTEX-ZTTD				0.258136658264847				-0.630684305578889					-0.0576812871829355	0.033574335544653				
GTEX-ZUA1	-0.195016425651371		0.0249037182720037	-0.161763566047975	0.0528469175210486	0.163456789110683			-0.118637482848315			-0.203960967301	0.0270534554462979	-0.109370201515336	-0.292455413485635	0.000857804554017086	-0.396414236368576	
GTEX-ZV68				-0.0426054600543596		-0.071955535808298	-0.549673117195666		-0.0308352892142921						-0.438699807780505			
GTEX-ZV6S			-0.175139422142772	-0.286560560338538				-0.498340563651733							0.181719408392478		0.165138055318103	0.199298019132766
GTEX-ZVE2			-0.00439389606649113	-0.062176542197099					0.0949524953326369					-0.0851735165417253	-0.132869266913571			
GTEX-ZVT2	0.821990783394238	-0.211867558943894	-0.0472663475206331	0.451379907586416				-1.44419289015192	0.191565919306084		0.254181201994185			0.186116229458727	0.339307373209203			-0.0460240255109989
GTEX-ZVT3			0.116907731484562	0.0559490271525397	-0.019608445590158	-0.176665557769857		0.164779145252504	-0.0650871096714664						-0.20302045111731		-0.511271178120906	-0.119577724636215
GTEX-ZVT4				-0.154064888190176				-0.727148239794378						-0.0375155014725064	0.0191861524103137			
GTEX-ZVZP		-0.271616742227724	0.407658599491492	0.105837932725017							0.321551737346281			-0.239744872427624	-0.420137539392602	0.11497264132866	-0.38169185587514	
GTEX-ZVZQ				-0.08853134364119	-0.149561180734522	-0.376329775442636		0.128143058313297									0.0697655344542153	
GTEX-ZXES				-0.0988009274700806				-0.0330374706400346	0.131754047610158						-0.0190367649064815			-0.114971626970773
GTEX-ZXG5			0.104084395685883	-0.0645229445182927	-0.0316154106610556	-0.0784325783704012				-0.0244866259456595				-0.114468148965552	-0.133837360813607		-0.283501556409627	
GTEX-ZYFD		0.12290189175929	-0.242670313141988	-0.191010898526318				0.225508734422629					0.0978506457460808	-0.00810488441317591	-0.0472220567143379		0.22899555596315	
GTEX-ZYFG	0.0548187834444601	-0.0169951377662924		-0.146144852413655				0.105678036427072	0.199207122921315		0.157920764886792			-0.0871966280667747	-0.118990223359455		-0.108274834848859	
GTEX-ZYT6		0.121776902532916	-0.0967630590977339	-0.0432145414184264				0.0328048258522662	0.0843505662428558					0.0130325167688803	0.0493982799631143	0.117018515220959	-0.100462083943707	
GTEX-ZYVF	0.00460063144130563	0.081131684682791	0.0527270301658943	-0.121450606272452					0.20059319080365					-0.155211470359567			-0.153554846568539	-0.059041397806706
GTEX-ZYY3		0.165796013771471		0.22997272419167				0.124398456015915	0.0623514172199575		-0.290788172569839	-0.340609037913834		0.0397819310763823	-0.297774064480892		-0.179647225405117	-0.000968023291254866
GTEX-ZZ64			-0.229531809975705	0.147529144945916				-0.465706435203775	0.207356822356632				0.145099946931463	-0.0676957155304369	-0.037259117153119	-0.104456011104859	0.127954539948362	
GTEX-ZZPU	0.387017798008071		-0.0320281185976397	0.137181684064153							-0.098283959226369			-0.0521291567940227			0.186469382251161	-0.130254825754108
