id	Adrenal_Gland	Artery_Aorta	Artery_Tibial	Brain_Hypothalamus	Brain_Nucleus_accumbens_basal_ganglia	Brain_Substantia_nigra	Colon_Sigmoid	Esophagus_Mucosa	Minor_Salivary_Gland	Pancreas	Pituitary	Prostate	Skin_Not_Sun_Exposed_Suprapubic	Skin_Sun_Exposed_Lower_leg	Testis	Thyroid	Vagina
GTEX-111CU	-0.702352615279662						1.54388582094366	-1.22523711373808		-0.374495832248663		1.15215706683912	-0.15485881462756		0.567412520427183	-0.108401174761925	
GTEX-111FC			-1.67563019636467						-2.51879644920866			1.12560761812564	-0.0570801848587629	0.0778462087918819	0.566098206152409	-0.11279386196359	
GTEX-111VG													-0.0795347576825927	0.0803604070821873	0.567995103211497	-0.10836344547221	
GTEX-111YS	-0.696187267151877	2.55475509030718	-1.65979021052129				1.60351228640237	-1.22194857228474		-0.383341351023074		1.153463254845	-0.05723833942839		0.564586370468727	-0.105273453995503	
GTEX-1122O	-0.691173011865367	2.55180376091023					1.6853129391027	-1.22222143672638		-0.394779071802186				0.0771116288335868		-0.106199505107108	
GTEX-1128S		2.56063798201024	-1.67805864380437							-0.319264730338469	-0.815725818248162			0.0763432034057077		-0.111919970270291	
GTEX-113JC											-0.807379700075982			0.074927380058567		-0.103606858610419	-0.406647600074578
GTEX-117XS		2.56093204993554					1.58572736356737				-0.813301611339393			0.0763996710421137	0.561343206996701	-0.107131227604435	
GTEX-117YW		2.57721627905386	-1.66844809747433					-1.22373315327978			-0.819012644429996	1.14739236730646		0.0788938823122669	0.564325173666999	-0.109585174899778	
GTEX-1192W											-0.81745782762973			0.0864862734532979		-0.112572404433772	
GTEX-1192X									-2.51005798652741		-0.815525335685806		-0.101456542122728	0.0866878277373915		-0.111621829527911	
GTEX-11DXX	-0.697411064304957	2.55449301574017	-1.6735938734381				1.54371981746377	-1.22841773658244		-0.355438321587028			-0.114479910602793	0.0796699667084809		-0.107314990454217	-0.40537622873649
GTEX-11DXY	-0.697579237906659						1.63569438018075	-1.2329446876562			-0.810694506900605		-0.116789358384494	0.0768909565585909	0.566267704974388	-0.110082178552606	
GTEX-11DZ1								-1.20831457808838					-0.046799525055543	0.0746466766166435		-0.106087365819468	
GTEX-11EI6			-1.66899551980747				1.60127592159684	-1.21559844723084			-0.817373415392706		-0.0565887042379903	0.0795072037487171	0.561717860697226	-0.108745045846949	
GTEX-11EM3	-0.702204841841775	2.57211492451366	-1.67945775894205				1.52998530007262	-1.21627459335454					-0.0279441487801353	0.0754745427745152		-0.10833687036656	-0.405592739192184
GTEX-11EMC	-0.696300440428025	2.57501774500555	-1.66918181778837				1.66469187269432	-1.23534391619361	-2.50228666145589		-0.813910047839393			0.0843299785786054		-0.109961030070327	-0.400147327775384
GTEX-11EQ8			-1.66498328401302										-0.100618531923225		0.571603505996784	-0.102843418694639	
GTEX-11EQ9	-0.69805588902725		-1.67306846646501				1.61769535986007	-1.21226311663561	-2.50992939416699	-0.3345765224511		1.14076748472565	-0.128629429354297	0.0787248760973351	0.568568303618234	-0.108091997935686	
GTEX-11GS4		2.5443110374879	-1.66067378732299				1.61984220193828				-0.815777877257844		-0.205524999166882	0.0844488956005184	0.558052619092435	-0.103475705713994	
GTEX-11GSO						1.0938898426575					-0.814164695050104			0.0823757490005246		-0.106354548656602	
GTEX-11GSP	-0.699920976493432	2.57764558000772	-1.66826340734342	1.45279168661265	0.195661393615942			-1.22935917757075		-0.318825366564381	-0.816903402423417		-0.0346005331837758	0.0791395350955395			-0.395666861063411
GTEX-11I78	-0.701795333982935	2.54643042555856	-1.67327250231746				1.58762350753688	-1.21741634251788		-0.333944743925793						-0.107643435185642	-0.380774656215648
GTEX-11LCK		2.5434862781161	-1.6574270032734					-1.22497872199974		-0.312156600298194			-0.0585326145976973	0.0814291593166993	0.568754572402032	-0.108994656750007	
GTEX-11NUK		2.57002213517612	-1.66753609361319					-1.21991919703317			-0.815937198570316		-0.0210017144270984	0.0768802816441153	0.563931763667317	-0.107546587328682	
GTEX-11P81		2.57671810997335	-1.67891521630519				1.59377348442159	-1.22819673971206	-2.5221952611112				-0.0962141380930419	0.07911177268724		-0.108208230211682	-0.399031327382935
GTEX-11P82		2.55001516656952						-1.22129714454218	-2.50826037218309			1.15828836419644	-0.0530298023193344	0.0807640002039478	0.568036788563821	-0.111630354106721	
GTEX-11TTK														0.0760677821896409		-0.102738635382591	-0.390903220232072
GTEX-11TUW		2.53319194907686	-1.66281202030202				1.68214255102978	-1.213727117635	-2.49026821239738		-0.803142045862253	1.15825098589563	-0.101143876621286	0.0788006116549058	0.567742133687956	-0.110565755747071	
GTEX-11UD2		2.55548502486793	-1.66441034270374										-0.0590262473767149	0.0729972667169027		-0.104373238263579	
GTEX-11VI4			-1.66564652883574				1.67774998907418	-1.2190372314047		-0.346331559478353			-0.0394650400221731	0.0745072777490019		-0.105186104006535	-0.395221459474313
GTEX-11WQK		2.56113124166962		1.45553696465806			1.66050349125495		-2.45498901878069		-0.811616544547493	1.18932863620816	-0.0502552337926002	0.0676311404526348			
GTEX-11XUK	-0.703983684335897		-1.67012763683618					-1.22344497879221		-0.347320754812693				0.0851386678811518		-0.11275660599975	-0.397421148473487
GTEX-11ZTS		2.54038020569708	-1.66127247949874	1.46137416084521		1.10518386056871	1.69483748089126	-1.21153937471559	-2.50879428459777		-0.806764205054993			0.0759374015071379		-0.106195881501753	
GTEX-11ZTT							1.65539002151444		-2.51350212769077				-0.0749264874531294	0.0816015801816152		-0.109118331586584	
GTEX-11ZUS			-1.67345494947455	1.46214798319249							-0.817751469913296	1.14371690261836	-0.0277528876912066		0.563942181245848		
GTEX-11ZVC		2.54723926464836	-1.65910749160037								-0.812294958625821			0.0780116819710446		-0.106426442993053	
GTEX-1211K	-0.697203580092849	2.56073689279378	-1.66667356663797				1.63877762335563	-1.22178356622144		-0.35269817224103			0.00274579453133759	0.0738347243357223		-0.108229705268825	
GTEX-1212Z		2.58909020610555	-1.66289185793463				1.6377442169586	-1.20839986687758			-0.807996256025832		-0.0100311288970528	0.0770391364284807	0.564404477887748	-0.104294291771799	
GTEX-12584			-1.66602776111827		0.167833416920175						-0.802120517092717		-0.179385952461022	0.0885702152656461		-0.112134464897879	
GTEX-12BJ1	-0.693382499886124		-1.6646683668941				1.54691240417131	-1.23059056113585	-2.49205815055994	-0.371183674747777		1.13233033041582	-0.0443528396955764		0.557984291412921	-0.103664929848182	
GTEX-12C56		2.55843811527233	-1.67003714491059					-1.23399178017424				1.13725277000372	-0.0894705699653305	0.0807644104776884	0.566814667263001		
GTEX-12KS4		2.56804069218089					1.60430271894847	-1.24125553814102					-0.0794263155600105	0.0799988490696266			
GTEX-12WSA				1.46199801442764		1.0820701548667		-1.23561769777947					-0.0903947526469436	0.0788602614705344			
GTEX-12WSE					0.199101939531657						-0.807812045018876			0.0763438098220267		-0.107918583128443	
GTEX-12WSF					0.156732762185927	1.07300284853579					-0.806547858753916		-0.100091685180291				
GTEX-12WSG	-0.699224881513615						1.60005177987382	-1.22951397577141		-0.337906365094489				0.0799021955743691		-0.107309212013307	
GTEX-12WSH			-1.66334545419242		0.198811223403114	1.07888703100126					-0.813472688508586		-0.0873044899347149		0.567788357829024	-0.108585678375792	
GTEX-12WSI															0.565777629715531		
GTEX-12WSJ	-0.698532844962692						1.56357475749529						-0.134464003047079	0.0810300720407524		-0.1079187444872	-0.412129855370643
GTEX-12WSK	-0.699312240660798	2.57428901111722	-1.67702619892364					-1.22729104108262		-0.341035254141786			-0.0126541357688753	0.0747829598707225		-0.105183283425892	
GTEX-12WSL	-0.698531375181615		-1.66651425309234				1.58086627328406	-1.22424406747946	-2.4941072554882	-0.310052329357107			-0.00663731151530031	0.0780846248807638	0.565091485160217	-0.107893693784225	
GTEX-12WSM			-1.66816400428898	1.46938350903635	0.13371626001413		1.55519677191173		-2.50421378918121		-0.809450499122535		-0.186813801394231		0.57197123007848		
GTEX-12WSN	-0.687100836445845	2.56835689923525	-1.67011634830016						-2.50547873353398	-0.328967396107838			0.00938672956567647	0.0754618643248033		-0.105953112176427	
GTEX-12ZZW			-1.66775867412705		0.144942502007744		1.59488037714903	-1.23918862646808			-0.813008630322295						
GTEX-12ZZY		2.5650466136418	-1.66829190743016		0.158639869211664		1.56224523007228	-1.23176878817475			-0.81238601713688		-0.129402066673983	0.0794755533332898	0.567576591973947	-0.108181338439784	
GTEX-12ZZZ	-0.698033442263407				0.154635199721221							1.15419734273059	-0.0137980637959798	0.0735862454818744		-0.104387687462281	
GTEX-13111	-0.697596946446676	2.57116759789593	-1.66058052475434				1.57114004808277	-1.20917052311695	-2.50072820227069			1.12592953654598		0.0808369500045523	0.562358526674421	-0.10772410612827	
GTEX-13112				1.4605081402491	0.159886978588862						-0.816355606854054		-0.0346702739270319	0.0762504654498272	0.563251552995444	-0.10721936067295	
GTEX-1313W		2.54683420861469		1.4589168319826	0.167916278359156	1.08530096955288					-0.812527111751403		-0.0883668832638473	0.083537199281491		-0.111667654242953	
GTEX-1314G			-1.67240813878522						-2.47843063388312				-0.10306873401925	0.0799654574710616			
GTEX-131XG	-0.70103001643674		-1.67194679856713				1.55786268479191	-1.22575606097238		-0.37108828251587			-0.215570664884657	0.0855468636516408		-0.111804040413355	-0.407225102676453
GTEX-131XW		2.5706386161318	-1.67351616958017	1.46325952325968	0.105359288434934						-0.809937121540718		-0.0794914748922377	0.0833969841940683			
GTEX-131YS	-0.696283249105986	2.54897296096911	-1.65862671724776				1.62372975071632	-1.21533919876511			-0.81450688429465		-0.0411468987588929	0.0720900222505104		-0.104642107256938	-0.398851823200642
GTEX-132NY	-0.692346525537445		-1.67061614544237				1.61051731633933					1.15002773801132		0.0807941750207735		-0.108785484690297	
GTEX-132Q8			-1.66341717276232	1.45644211851289	0.177113252564073	1.13128497420241		-1.21298453338088									
GTEX-133LE		2.55119348850949	-1.66588818047619					-1.22048186163358					-0.0335644432292803	0.0795811630008577		-0.107565962631776	
GTEX-1399Q								-1.23016168301153					-0.0550440722032359				
GTEX-139D8		2.57203330656678					1.67185028578876						-0.0804663905812996	0.0763407515811845			
GTEX-139TT			-1.67165192447107		0.149321486250387						-0.811449629231824		-0.156828079247008	0.0885675750954387	0.568783538195422		
GTEX-139UW		2.56464737866425	-1.66591761949369				1.59707895751251	-1.2367379864326					-0.0487112932408617	0.0789814810975883		-0.112131569526311	
GTEX-139YR	-0.699804313670508	2.55052640779115	-1.66347742438967					-1.23242766942389		-0.422485586804375			-0.349357954890483			-0.105122970982569	
GTEX-13CF2				1.45997140153063		1.08289851766605	1.56675916464788		-2.49918817787074		-0.816370859869313			0.0744585208853574			
GTEX-13CF3	-0.69139661568784	2.56564473314806	-1.66805956529092				1.59789599294645	-1.21988897536383		-0.427089740506911				0.0721304415927244		-0.103522501009337	
GTEX-13CIG				1.46243259689686													
GTEX-13D11	-0.695394330953174	2.56450553026327	-1.6608027925557				1.59554768312807	-1.22511775046821		-0.360053451253492			0.0054735443908393	0.073736408322976		-0.104542179093162	-0.398945728018539
GTEX-13FH7	-0.694583084886747	2.55493758402716	-1.67327741497056				1.59823762861414	-1.23376640735966		-0.372390008692972			-0.0619061134178176	0.0761422785538227		-0.108557108373082	
GTEX-13FHO		2.55925088002089			0.165817066818033		1.4872785415231	-1.23584899368838			-0.802610645766785	1.13647957808585	-0.00358195845954293	0.0745508521468199		-0.104155818414977	
GTEX-13FLV		2.55892759607199		1.45819148970999	0.159548060602033			-1.22378823047149		-0.373859168165507			-0.0879338517917356			-0.111364142000481	
GTEX-13FTW	-0.701829813287205		-1.66893849514938				1.59935723886908	-1.23099671686274		-0.348144800908018		1.13444050577282	-0.135253281480572	0.0794764934085539	0.561544164342669	-0.108797627237634	
GTEX-13FTY			-1.67063916464607								-0.816288922241361		-0.105267318723364	0.0800933784820918		-0.108148140231264	
GTEX-13FTZ		2.55223957620517															
GTEX-13G51			-1.67304090178065	1.45956354142021	0.184909615519327	1.07455138784196	1.56509518615787	-1.21166498215086	-2.507775359806		-0.81210678842807	1.14628706805396	-0.00667599107018224	0.0761290990219487		-0.108293845678516	
GTEX-13IVO				1.45357940233527	0.182395562063055						-0.815836385015178		-0.0835532357778172	0.0718780657224826		-0.105532335694879	
GTEX-13JVG			-1.67125296226068	1.46049682660291	0.122588954059336				-2.52046829830047		-0.809139561047748		-0.121367676295			-0.108214732940215	
GTEX-13N2G		2.56716624165492			0.209101393362633	1.09185300671016	1.57617706429724				-0.812928344447742	1.1708966841598	-0.0319058565120438	0.0729463820475164	0.56005791168948	-0.10437618488373	
GTEX-13NYC			-1.65688538595159										-0.080447006223807	0.0796607385923957		-0.110923917608769	
GTEX-13NYS			-1.66959409796441	1.45971386148675	0.146922623194665	1.0901077196496					-0.811785289038585	1.13796745066421	-0.0122930109778805	0.0826997434901169			
GTEX-13NZ8			-1.66865064507761	1.46170952473439									-0.0147824070394965	0.0762006824868371		-0.106456562421319	
GTEX-13NZA				1.46127535844973							-0.814672472698334			0.0820325415170848	0.563529951393653	-0.108101289720698	
GTEX-13NZB			-1.67231075018122					-1.22143512408874						0.0827835574997961	0.570597576594549		
GTEX-13O1R		2.55161928374722					1.61054202023687	-1.22313862991517		-0.349578995974194	-0.809219176922306			0.0813968073575424	0.570842521784589	-0.108748637054412	
GTEX-13O21	-0.69989820727863	2.54546803467476	-1.66645149699489					-1.2296320067059	-2.5263112285778			1.12847305242383		0.0796374161597858	0.562240030061844	-0.109103961715171	
GTEX-13O3O	-0.695209624683303	2.55828548562296	-1.65730716248819	1.46652710321792	0.193914003350869	1.09539231864743							-0.0681879223799522	0.0708679295128366		-0.104167579726603	
GTEX-13O3P		2.55390310116148	-1.67238824788886											0.079624812103971		-0.106444354772598	
GTEX-13O3Q			-1.67238555870332	1.46953358779307	0.174189499328553	1.09075504237589		-1.21450625494673					-0.0913757134542671	0.0785978848361077		-0.107905530429586	
GTEX-13OVG		2.56532466624924	-1.66472598065593					-1.22305482132291					-0.0042284385392791	0.0782817340047919		-0.105946744340533	
GTEX-13OVH			-1.66432678794009	1.46377179874304	0.189806474713758						-0.810760388031222		0.00205363344549629	0.0769746104463276	0.556995505220165		
GTEX-13OVJ				1.46112218137961	0.155253111056413	1.10723775646507	1.6541183810177	-1.2467583859874			-0.813297461785504		-0.386017958196373	0.0922751010225656		-0.107579372668391	
GTEX-13OVK			-1.65683225037344				1.69828005799372	-1.22415343232706	-2.52573820410795				-0.0239936093290493	0.0759958856602377	0.570460847086618	-0.104534351587276	
GTEX-13OVL			-1.66409518881798	1.46239045539883	0.205913326365299				-2.50910050335376		-0.805173325866535		-0.00711418618944887	0.0758805032646537	0.565229614115403		
GTEX-13OW5		2.48641812543881		1.46185072732016	0.0982861983271093		1.54045610833623				-0.814123239853047		-0.123497266642127	0.0892449536996935	0.568183183538676	-0.11154326113494	
GTEX-13OW6	-0.699012078913626	2.52339802617812	-1.66442507281179	1.46162252012297	0.157287757208186	1.0755019709346	1.57696744458344				-0.812720056192645		-0.14627154771863	0.0823621567646799	0.562432187929324	-0.107023420816222	
GTEX-13OW7	-0.696468321965638		-1.67530052606015	1.46317091377026							-0.813831449673744		-0.0504538277298644	0.0794237998856016		-0.108158719417904	
GTEX-13OW8		2.56148124239429	-1.6578783806876	1.46392929904219	0.133784181775388	1.09999751512239	1.64024762370003	-1.22346757631727			-0.805059498473946	1.15114299183006	0.0758966560198588	0.069644628596824	0.564223608745806	-0.104130772374433	
GTEX-13PL6			-1.67093046558382		0.158509684399901								-0.10385778751354			-0.106818942990737	
GTEX-13PL7	-0.698004912539487		-1.66795578124337				1.5380953214915	-1.2324635015451		-0.343319879601023							-0.399935954480401
GTEX-13PLJ			-1.6701775685057								-0.814617382098532						
GTEX-13PVQ		2.58037263038914	-1.66997107574299				1.60771448211442	-1.23347971004191					-0.0403999724328173	0.07289934963181		-0.108121269458769	
GTEX-13PVR	-0.702037413531914	2.57202036536758	-1.66948772869247				1.5725700771338	-1.23181480405919		-0.382165162120327			-0.00415300283760494	0.0756697112694083		-0.109181330879879	-0.408393158634464
GTEX-13QBU	-0.698034572961061	2.5453268584727	-1.65925159571403				1.60742090105252	-1.22589748478641	-2.52432948037421				-0.0473593049236022			-0.106312785788658	-0.399450697846768
GTEX-13QIC			-1.6703209084254	1.4610582878566													-0.390608078591895
GTEX-13QJ3			-1.66556104017077					-1.22457007959311						0.0805423793813781	0.570898743009822	-0.107105858024908	
GTEX-13QJC			-1.6617964997261	1.46142156621713	0.183910452820135	1.08465387569132			-2.57642683759602		-0.81640438578072		-0.0387016812032305			-0.104137009063823	
GTEX-13RTJ			-1.66906342714157	1.46379916814136	0.0806756825182861	1.12073540656126	1.64578765706876				-0.807318978517051	1.14747645099508	-0.0767334293087498	0.0763544924720044		-0.103690624424573	
GTEX-13RTK		2.56392761350432	-1.66599223023306					-1.23213323549007						0.0804231727121509		-0.103710117810156	
GTEX-13S7M					0.180983770272774									0.0807812513652518			
GTEX-13S86			-1.67445468058977					-1.22088572050315								-0.107814061241696	
GTEX-13SLW				1.46491465818008	0.150145643760014	1.04140204973297	1.5730648823873				-0.819033550546209		-0.0767296542428799	0.0757926954762248			
GTEX-13U4I		2.57709519241044	-1.67099087419455				1.58597880354369	-1.23158735133721		-0.378906010367566			-0.0912902089833182	0.0866163965655835		-0.111263299467869	-0.399128819919742
GTEX-13VXU			-1.66839403121756		0.0665186580054094						-0.806759387202001		-0.0428217410845732	0.0809858910082802	0.567066194926109	-0.108518663325756	
GTEX-13W3W	-0.693281920278069	2.56234099789359	-1.66747505428435					-1.22013892386801		-0.374175155800457			-0.113915357797232	0.0830980218172525			-0.399388875151344
GTEX-13W46		2.56320687438484	-1.67576485110666					-1.21869346894821						0.0755021811120271		-0.111033318926224	
GTEX-13X6H			-1.66594065996079					-1.23150623463332		-0.39032185138578			-0.0533629700022616	0.0802130399274495		-0.112418334380121	
GTEX-13X6I		2.56425397988174		1.47182924731471		1.06960077902143	1.76383012438508	-1.20795763161751					-0.0467356931114498	0.074696620699718			
GTEX-13X6J				1.46468440337692	0.131599006059183		1.68207876838349				-0.806959599344036		-0.103720193258162	0.078881146279826		-0.105486223652473	
GTEX-13X6K		2.53836702978378	-1.67381863026517	1.46464777084194	0.187410512306685	1.0810447822828	1.5750732158114	-1.2253529135596			-0.809602644608098		-0.106859710218319				
GTEX-145MF			-1.68540013163765					-1.22284494763078			-0.810077431634765		-0.122815852787923	0.0798479855574062	0.569316310661307		
GTEX-145MH		2.58435209333163	-1.67098808172435	1.46017976512352	0.181111841749279		1.610070539801				-0.815536106932359		-0.0473464081790999		0.562432810100039	-0.108513158319261	
GTEX-145MI					0.16580980737467								-0.0209483302057367	0.0756585302896271		-0.101265243025403	
GTEX-145MO		2.54172048804936	-1.67445181556583				1.64557423615375	-1.22873618164921		-0.383717915936461	-0.815223615529037		-0.146066621975158	0.0749467721528145	0.561106555059793		
GTEX-146FH		2.55985609857184	-1.66649278139331				1.54698168452151	-1.23211508947014						0.07506380372795			-0.407823949875313
GTEX-146FQ		2.55555412679905	-1.66305965874561					-1.22128355107252		-0.339576324428209		1.1676295925914	-0.0172918049285611	0.0726728867628158		-0.105243047908303	
GTEX-146FR	-0.695891897244345	2.5709936960545	-1.66520671191317					-1.22577775193007	-2.48734866475575	-0.407782903176549				0.0743729930215906		-0.098122571877483	-0.392062415700479
GTEX-14753	-0.695708697711257		-1.66737618893505								-0.814083293345843		-0.204691036183956	0.0788869052079376	0.554892868722569	-0.106063144082099	
GTEX-1477Z				1.46030900796574			1.63468391866333				-0.813879947682737	1.14515256710916	-0.0698822284549101			-0.107001703968483	
GTEX-147F4	-0.6993029639016	2.5584694179948	-1.65735643800975	1.46744394975845							-0.813797731448774		0.012615008922338	0.0771661920517072	0.566227071535616	-0.107412660260239	
GTEX-147GR					0.18937599589378	1.12935239575117	1.62853229166439				-0.814212069907031		-0.0542879241353986	0.0719196824653304	0.562019536894289	-0.108874123062447	
GTEX-147JS			-1.67017415018504				1.56475536784183					1.14738257127086	-0.064000993400257		0.568413687956675		
GTEX-148VI								-1.22123951740917		-0.382120813747066				0.0831596214567181		-0.113983184866521	
GTEX-148VJ			-1.66591993854324				1.5879968737718	-1.22678363146587			-0.810392291969588	1.15367819900821	-0.0973308462897425	0.0816663094293088	0.563918735538479	-0.108605186089093	
GTEX-14A5H			-1.67303471908302				1.64863749231288				-0.814763502415825		-0.0380944462700329	0.0780637880123164	0.561678166219155	-0.108981587599155	
GTEX-14A5I	-0.701214978156828	2.56652040838902					1.56179336443257				-0.80577064824001			0.0813637994355361			-0.397917057949269
GTEX-14A6H			-1.66226900756297					-1.23853655567749					-0.0425409808310932	0.0766635028154354	0.569272905609282	-0.103794361026749	
GTEX-14ABY					0.106329768637002						-0.813177147803373	1.15861348031535	-0.00169470994740948	0.0766781466724941	0.565744808295631	-0.103230762364928	
GTEX-14B4R		2.56180236050557	-1.66553969348557					-1.22859876941083	-2.54580070273893				-0.0416647892204166		0.563115956887467	-0.104188370258291	
GTEX-14BIL				1.45919013489939							-0.810824244037631	1.15858574072392		0.0780600845182369	0.566000237651812		
GTEX-14BIM		2.59209432988487			0.190901237029251	1.15460211519018		-1.23111134164833			-0.812313502692947			0.0790494611416091			
GTEX-14BIN			-1.67456831688416		0.157092768464357	1.09899039944404	1.59055517821147	-1.22559043733633			-0.814374940846994		-0.0851726397682114	0.0778974273740294		-0.107556842676672	
GTEX-14BMU	-0.70738566548999	2.57105165216232	-1.6735964285336				1.53030004365461	-1.2249919432206		-0.339506252623005			-0.154829271586744	0.0864845570796877		-0.110888138033734	-0.397583819302694
GTEX-14BMV		2.55351233058507	-1.66308806640495		0.191425595804466						-0.808915563632231	1.13170878845057	0.00526311872752775	0.075198796149362		-0.100390304549963	
GTEX-14C38	-0.701597951720605							-1.22463379819808					-0.0826100722460928		0.570007282872806	-0.112420567698857	
GTEX-14C39	-0.696958853808772	2.57628742167536	-1.67333702736726		0.183853846631016		1.62916111466413			-0.331850420390754	-0.814037743344691		-0.00658348898634798		0.555164014026527	-0.104166527335146	
GTEX-14C5O		2.56094254227497	-1.66276564691768	1.46065083918939	0.176036526189986	1.08887824060204	1.58671112376796	-1.23454205918679			-0.81500950046361	1.14838803696113	-0.0491191832939871	0.0795481372241964	0.566190295787139	-0.10706414337291	
GTEX-14DAQ	-0.701333716753424	2.57413028526308	-1.66679716684638				1.61562476947426	-1.23122524467942			-0.816908224746717		-0.0122263652963515	0.0803699770441367		-0.111688149560189	-0.382483487912121
GTEX-14DAR	-0.697710341301257		-1.66773013712285					-1.22661020023085		-0.287123164417031		1.14157156671973	-0.0736429684569175	0.0836664621964359	0.568430339931758		
GTEX-14E6C		2.55071199957203	-1.65349415064002				1.59528264699338				-0.810412082980079		-0.0536853571449397	0.0799977587326238		-0.102913562163573	
GTEX-14E6D														0.076798409261456			
GTEX-14E6E	-0.694817969110501		-1.67225419368412				1.60957998748543	-1.23047067366756		-0.342532483050664		1.17160354728835	-0.00928634045787555	0.0769987863276704	0.563620646878793	-0.108447476584894	
GTEX-14E7W		2.56836641576898	-1.66350666223946		0.150560947060209						-0.806350457941253			0.07867137217239	0.570713251626404	-0.104216481600174	
GTEX-14H4A	-0.699903698946902							-1.2372199921542									-0.397813524324774
GTEX-14ICK								-1.2203139342413				1.15335850711895		0.08013022928299		-0.107399159350323	
GTEX-14ICL		2.56374127169317	-1.67607551361482					-1.2318265918896		-0.381548010739578			-0.0289133831536428			-0.111422214561824	
GTEX-14JG1			-1.67682715931171		0.142224682074171	1.08481225074428					-0.808394621754569		0.0418329539440305	0.0749756788158864			
GTEX-14JG6	-0.691688138727059		-1.67359861900961				1.59069488930707	-1.21206499948119		-0.46553580736695				0.0717225495745632			-0.397079856800979
GTEX-14JIY				1.46944066860994	0.144541008455222			-1.22664181113707	-2.53555465018996							-0.109291604120803	
GTEX-14LLW											-0.814747991941857		-0.0253286282515199	0.0785508046943516			
GTEX-14LZ3				1.4672994749177	0.16806033999858						-0.810782188321046		-0.0524015149797696	0.0815550726152784			
GTEX-14PHW														0.0825410360076225		-0.111915737380331	
GTEX-14PHX							1.65661185225273			-0.44879122103685			0.0336429695030456	0.0716483731455737	0.558152930489356		
GTEX-14PII			-1.67315061321214										-0.112602021718387	0.0809100991894219		-0.111425428196667	
GTEX-14PJ2		2.56979173845286								-0.47711007970664		1.14083345870784	-0.0969266503927103		0.563024735338869		
GTEX-14PJ4	-0.703653924399807	2.57183307967516					1.53126061449369	-1.22232644460895		-0.320054524449679		1.14500596116103	0.0250786265708838		0.566229634760543	-0.111442368501766	
GTEX-14PJ5			-1.67394236356868					-1.22862284530223					-0.126931627796098				
GTEX-14PJ6	-0.698799262778471	2.56974189343808						-1.23630057214448		-0.351059343448809			-0.136932962509285	0.0789800701361375		-0.107544724182117	-0.401879723289208
GTEX-14PJM		2.5619750374747	-1.65468671964595	1.45666508642285	0.192691502041769			-1.20749556880004		-0.327099172787771	-0.814999340687839			0.0742152322537587		-0.102729171693997	-0.389019205559006
GTEX-14PJN			-1.67816181861238					-1.22869442979101	-2.5134671348408	-0.379504539918098			-0.135355947161058		0.570122030313795		
GTEX-14PJO				1.45650541046572		1.1045777961144				-0.393577450181214		1.12637175055091	-0.0454394965299965			-0.107070737152283	
GTEX-14PK6	-0.703276779408849	2.56222253489748	-1.66908297433218				1.53109165703369	-1.22849613337819		-0.30088722580414			-0.0385941437535884	0.0764229760184785		-0.109274708648363	
GTEX-14PKU			-1.65525456677884							-0.416412967532143			-0.0696333648997078			-0.104427592502108	-0.407707682963799
GTEX-14PKV	-0.701268204547046						1.59683242474814	-1.22538403013237		-0.350242165979361			-0.0683617105114625			-0.11198956965815	
GTEX-14PN3	-0.7043109404624						1.57652950232476			-0.322648308542292				0.0822058954311447		-0.110063641816843	-0.386640706016545
GTEX-14PN4			-1.66909217368269	1.46118549772959	0.193396987287326	1.09708697000586			-2.53198703151998	-0.319823372844606	-0.812621105726289			0.0799121572590312		-0.10768548293861	
GTEX-14PQA				1.45782506561652	0.162028722753614						-0.810752161354685					-0.104425184441348	
GTEX-14XAO	-0.70174477248197												-0.0825643656680112	0.0836739193212334		-0.108753925095992	
GTEX-15CHC		2.5597735856105							-2.51161362116445				-0.00245389601863608	0.0757393393233348		-0.108683596772883	
GTEX-15CHQ			-1.66982938555288	1.46325470199757	0.131334138770628	1.07089318128689	1.54694798309794				-0.813411240157218		-0.196218610257619			-0.106918019824005	
GTEX-15CHR	-0.703711234516938											1.14963747999543	-0.0758105667350065			-0.107837227242512	
GTEX-15D1Q			-1.66200739771662										-0.000418508342388005	0.0764909528441054		-0.103929678959549	
GTEX-15D79			-1.66719844432947								-0.814761063252325						
GTEX-15DCD				1.46239020282856	0.199989871467829	1.10513131691152		-1.23023663193749			-0.81529787761452			0.0719981979496645			
GTEX-15DCE								-1.21976921160766									
GTEX-15DYW	-0.703157171033141	2.56239153942538			0.182743506392092	1.0988278455735	1.58267370950001	-1.21809703808785		-0.343626872356033			-0.0719759631979501	0.0815364943318038			-0.390895750429697
GTEX-15DZA		2.56460291968214	-1.66833254127328				1.57244692154976									-0.105917730518797	
GTEX-15EO6					0.227244285169219	1.11221885266917	1.57116953959838				-0.819099425132302		-0.0554386590562273			-0.104114812240887	
GTEX-15EOM			-1.6680915158968					-1.22470067091058						0.074819414997404			
GTEX-15ER7	-0.699191077289352	2.54760848730271		1.46789991147939	0.130596757818389	1.06968178155228	1.53967812439788	-1.2418601370532		-0.331602055203034	-0.809662923725964		-0.0797254436452337	0.0823644056073966		-0.107172722693137	-0.397338455339435
GTEX-15ETS		2.55395823290527	-1.6616896505726				1.65224883228911	-1.21873597355571						0.075874278700373		-0.109423132897136	
GTEX-15EU6	-0.698405097125246		-1.66135742943746					-1.22911213583634	-2.52758335883424	-0.334579718347694			-0.000710278564885578	0.0751755712961474		-0.103892441097056	
GTEX-15G19		2.56973180373009		1.46351505270986	0.163894639552901		1.62949980909797				-0.80755328540038		-0.0780808986780014	0.0815933244110419	0.565392504419557	-0.108665084823941	
GTEX-15G1A			-1.67260871475037										-0.110807956332896			-0.10904624083306	
GTEX-15RIE							1.60279873448021	-1.22161555805766					-0.0814973940391633		0.562812474026147	-0.110373536002136	
GTEX-15RIF		2.54493756085747					1.60223034441475	-1.21311377458769		-0.363115734380677		1.19305140291177		0.0805073846431554	0.562293673177904		
GTEX-15RIG													-0.237277292310873	0.0821518720066362			
GTEX-15RJE		2.56149377528764	-1.66755890139048		0.139027927703633	1.08169192791657	1.59237551087602	-1.22286659705345	-2.50949289175006				-0.14869745922944			-0.105467807595349	
GTEX-15SB6								-1.21083390734736						0.077927075478154		-0.106012552359161	-0.407011320059652
GTEX-15SHU	-0.701458486795564	2.57339296921917						-1.23929755582841						0.0828389461542004		-0.108279153920606	-0.391802478864464
GTEX-15SHV		2.51811526443496							-2.50893620634095	-0.361895326870628				0.0804030925632333	0.563143777160548	-0.109731369485519	
GTEX-15SKB			-1.66725477647639										-0.0403511870963993		0.57021228603702		
GTEX-15UF6		2.55440705318293	-1.66641073162207				1.59199701656278	-1.21739311688308		-0.505174852738295	-0.808815123254683		-0.0545792398258607	0.0874365289773768		-0.111068050597231	-0.399918076063305
GTEX-15UF7			-1.66782318020966				1.56255747579221	-1.23369184248019		-0.348320599899208							
GTEX-15UKP										-0.336664253471273				0.0764292929122494			
GTEX-169BO								-1.20795559514485								-0.103448856786262	
GTEX-16A39								-1.22247251613914									
GTEX-16BQI							1.6131582606262	-1.23598935122507					-0.0477118319539514	0.0792236727302379		-0.108906752188456	
GTEX-16GPK			-1.67462809927381	1.46177333275633							-0.806961651898011	1.13901790415283	-0.0662282030360685	0.0806484366878749		-0.108431273700552	
GTEX-16MT8	-0.688785181357224		-1.66925177109026					-1.21447056926355		-0.371236677864129			-0.00583479118793001	0.0770950770013477		-0.105466689212065	
GTEX-16MT9													-0.146569978335293				
GTEX-16MTA			-1.67323075925923				1.61240398969551	-1.23066988245224				1.15838923768746	-0.0636209173346122		0.557246256894559	-0.105311821113679	
GTEX-16NPV			-1.66486193954002	1.47199564408767													-0.400178967530752
GTEX-16NPX								-1.22392710943593					0.0132680671667683	0.0717072746773329		-0.108179032548374	
GTEX-16XZZ		2.55065239882969	-1.65768927072904	1.4618007701974	0.212414813437959		1.63842203398819				-0.814556024850604	1.16799273518259	-0.107166843114027	0.075426796511391	0.563172962839388	-0.109872323606897	
GTEX-16YQH			-1.67171666336171	1.46553114756524	0.160148501199384						-0.812703112624451	1.14403402910914	-0.0429545413813346	0.0815499966690224	0.563855537050737	-0.106704735106085	
GTEX-16Z82				1.45961553284109	0.185079717882368	1.11296136132922	1.61683041740953	-1.22931019178318			-0.812808323510456		-0.155391348250866		0.561698642723717	-0.110534182316478	
GTEX-178AV			-1.66686853316855					-1.21522321517605	-2.51639844857529	-0.320030941728804		1.15455293924294	0.00350936456057859			-0.110230944190203	
GTEX-17EVP		2.55866771148513	-1.66303951634905	1.46580107086153	0.129222388190466	1.06190028165435					-0.814827697647901		-0.15709513915676	0.0827983191673293		-0.108972395609263	
GTEX-17EVQ		2.5691305702831	-1.65767758999022	1.46569389258913	0.164227236016813			-1.22953238882221			-0.81257027510766		-0.0531445634845013	0.0711117450256678		-0.1042019734077	
GTEX-17F96		2.56614795076613					1.61412932330207	-1.23652817102649					-0.0321093464314553	0.0793886208893231		-0.108263476023934	
GTEX-17F97			-1.67546042204146	1.46090011201219	0.278870305696931								0.0214865537516762	0.0763373137096846	0.569397310054084	-0.108995224451483	
GTEX-17F98		2.5728870783682	-1.67297501325725					-1.23460411279703		-0.330614511484689			-0.151637962585172	0.0820554042530661			
GTEX-17F9Y			-1.66144746973492				1.59456689655393						-0.166475096739189			-0.111943920271004	-0.400328266495526
GTEX-17GQL		2.56725802234075	-1.67437723010724				1.61465031922871							0.0855911360467792	0.568444845145354		
GTEX-17HGU	-0.686382173064693		-1.66629791522253				1.67780539247415	-1.21992126961689		-0.454085456720374			-0.0319188941498343	0.0773272774752319	0.564228198934191	-0.105258032419314	
GTEX-17HHY	-0.698832071774189		-1.66987308167039		0.161755392830599						-0.814908760562019	1.15837470548217	-0.221886240489204	0.0799572158727808	0.561161277504538	-0.111128228908896	
GTEX-17HII		2.5539199548946	-1.6731105643914	1.46000956587076							-0.804526236739335	1.14470244953253	-0.0545083668836674	0.0814339829364754	0.568409845651809	-0.109226941428566	
GTEX-17JCI					0.120246791174833		1.69111786156418	-1.21686754432323					-0.0762439592153697	0.0787341286118006		-0.105577634526315	-0.398242060286484
GTEX-17KNJ	-0.699721854972671	2.56872378515024	-1.67812254771601				1.64122092520251	-1.22524793965023	-2.52481344864003	-0.366559391215529			-0.112972458381697	0.0785110580519295	0.559727909009722	-0.109341495695211	
GTEX-17MF6		2.58048004624274	-1.66086502925636		0.233740721139098					-0.342084266124698			-0.00722472930393122	0.0770077801717004	0.557131891130894	-0.106058261414998	
GTEX-17MFQ			-1.66150460061427				1.71497844488593	-1.21610927813994	-2.51696267039362			1.1426508606061	-0.0213589476119453	0.0750117342038376	0.564460799393973		
GTEX-183FY			-1.66129260308749				1.56436122315281	-1.23733106881715					-0.117502115787503	0.0775849231513592	0.558124003920024	-0.103685093272351	
GTEX-183WM				1.45959828350354	0.103976650219227		1.59147098663823	-1.2297802294565					-0.0596052684146251	0.0795220940785218		-0.105259270707619	-0.393815323520693
GTEX-18A7A	-0.700249343625737	2.57086820814285	-1.67296084208875					-1.22367404752404		-0.36159091380977			-0.074339472374139	0.0797345850199784		-0.108104925002214	-0.393903327682084
GTEX-1A32A			-1.66602783134232				1.6310754294385	-1.22563128740307			-0.814922203623905		-0.121362882953348	0.0799113512005874			
GTEX-1A3MV	-0.695829423443809	2.56704332585215	-1.66114205927477				1.60803813378054	-1.23339748387404	-2.52649886893506			1.11754674027794	-0.0110733478414145	0.0774366705697465	0.562805399930345	-0.107712209698511	
GTEX-1A3MW	-0.694581835607078		-1.6620578113707							-0.385103482143975	-0.814098373216694		-0.197754898630165	0.0837810468187453			
GTEX-1A3MX			-1.66276022957187			1.10767869944452	1.62026489530983				-0.815997334244238			0.072930282250446	0.560684574665258		
GTEX-1A8FM											-0.816913889412994					-0.112410408820388	-0.398872034092863
GTEX-1A8G6			-1.66997746845435								-0.815163576761378		-0.147590013716697			-0.112797598218601	
GTEX-1A8G7			-1.66417143264644			1.09244123329579					-0.804679810788133		0.00360930623344686			-0.103199936728555	
GTEX-1AMEY		2.59046367818567						-1.22581455808401	-2.45260306387138				-0.142832039435039	0.0828863607885996		-0.108806894327944	
GTEX-1AMFI	-0.684938392381485	2.5509516660847	-1.66059733840271				1.63186186608575	-1.22129698429425		-0.458197758633501			-0.0746939455577771	0.0760742656773752		-0.106145761318621	-0.388013802291931
GTEX-1AX8Z	-0.700222235328238	2.54495957586437	-1.66561442067121						-2.50405060670315	-0.450456150949414		1.1795217264825	-0.094927423524209	0.0808623733325472	0.563908178779904	-0.109159407337503	
GTEX-1AX9I		2.57582893416739						-1.22998009188189					-0.0912656776054896		0.56969632104544	-0.111949775428426	
GTEX-1AX9J	-0.694355566319083						1.68826604044246	-1.23376489479664		-0.436339525110299		1.13813396619776	-0.0165144101862358	0.0780400524841336	0.566400777539069	-0.107240170030166	
GTEX-1AX9K			-1.65753604879939				1.58272525615074	-1.24182346413535	-2.53136208081305	-0.454580363476271		1.15411525335081		0.0762468398781737	0.565179690151028	-0.106934411272879	
GTEX-1AYCT		2.56527700256285					1.59401145684434			-0.436087460197865				0.0784085989021646	0.568709871995843	-0.109964847896935	
GTEX-1B8KE	-0.696244397069298	2.55244888708235	-1.66365364583182				1.60304395434856	-1.22864820961695		-0.306299252017865		1.14479353904388	-0.00155621142956478	0.0754603854286198	0.569324781228118	-0.104431673651657	
GTEX-1B8KZ	-0.688951603293593		-1.6667467504449					-1.21855700172485	-2.4795352392419	-0.397200908506171		1.15420784516193	-0.0220542903845652	0.073531897019575	0.565339749045057	-0.104590456801841	
GTEX-1B8L1	-0.699141652407296		-1.66533586407136				1.57339432961171				-0.814289506263956					-0.108632321843566	
GTEX-1B8SF			-1.66185203335095						-2.49934706849611				-0.0766264392840052	0.0750066051704092	0.564637075754617	-0.106372332943327	
GTEX-1B8SG		2.54329804543794	-1.67101354290956	1.45181232812815		1.08612045997669					-0.79622297669955			0.0778650208288422		-0.108493172731365	
GTEX-1B932			-1.66411662224407				1.58148893717253		-2.50326578700042	-0.319668927744262			-0.0425591292134086			-0.108029611766724	
GTEX-1B933		2.56299067828175			0.147904019844039	1.06295341584789		-1.22271729505986		-0.385029045170659	-0.797752445150373		-0.010696465058479				
GTEX-1B97I			-1.66865831960246				1.62593510225884	-1.22848567387486				1.16599017047461	-0.0747620298343944	0.0772212485127951		-0.107984093516861	
GTEX-1B97J									-2.52006860104155	-0.359021313614601							
GTEX-1B996			-1.67159015489841	1.46417393806947	0.145895090404462	1.0813156424397	1.65857902980103			-0.406962023642793	-0.804251894947667		-0.0500359547397687		0.569828551161601		
GTEX-1BAJH	-0.698916204808558		-1.67734600297967				1.63642354139931				-0.818301218203827		-0.0979971408927647	0.0826558651213054	0.568500705748307	-0.110397196718085	
GTEX-1C2JI		2.5301620039901	-1.66872160721115				1.6473034903412	-1.22289902197869		-0.35925533163572			-0.123045572853872	0.0819582352307882		-0.112669625515422	
GTEX-1C475	-0.704515620639566						1.5750032175605	-1.21792833270807						0.085709651511574			-0.390341589476164
GTEX-1C64N					0.139482817549167				-2.47915164239303					0.0773570099914356	0.562811764433849	-0.112097727798494	
GTEX-1C6VR			-1.66769336008057											0.0749791416856223	0.567966750744477	-0.106728331887433	
GTEX-1C6WA											-0.814354180806272		-0.0789821261443893				
GTEX-1CAMQ			-1.66406008781194											0.0758197295196724		-0.105244875633134	
GTEX-1CAMR	-0.703966332034479											1.1507345398754		0.0804653543162819	0.563141326126775	-0.109695148532315	
GTEX-1CB4H													7.79016082702814e-05			-0.10415012411748	
GTEX-1CB4J											-0.814703505772603			0.0767406857870372	0.558383184048255	-0.10919428952645	
GTEX-1E1VI								-1.22428538619974					0.0765609410603053	0.0704174364560558	0.568851862322585		
GTEX-1EH9U								-1.2281312123782	-2.51069613579122		-0.813929388205802		-0.186844616591054			-0.10249294275193	
GTEX-1EU9M		2.57973716861899						-1.22024828177281				1.17081351489314	-0.0730457964921585		0.567212342320197		
GTEX-1EWIQ								-1.2253937086438					-0.0662907789695722				-0.380236777236562
GTEX-1EX96								-1.21786483803832					-0.0208187843397654				
GTEX-1F48J											-0.811675130889118						
GTEX-1F52S													-0.0244369311278313				
GTEX-1F5PK								-1.22247763119463									
GTEX-1F5PL	-0.700052564506851									-0.368163257427479							
GTEX-1F6IF											-0.814589854409764				0.565061822261833		
GTEX-1F88F								-1.21141435843039									
GTEX-1GF9V											-0.803837789206236						
GTEX-1GF9W											-0.807540415233899						
GTEX-1GL5R								-1.23937379948229									
GTEX-1GMRU															0.56928857372583		
GTEX-1GN1U											-0.808735728871057						
GTEX-N7MS			-1.66725684837218	1.46040637530868	0.201901873538591	1.10632635245347					-0.816262860191209				0.559273350089896	-0.104327451329142	
GTEX-N7MT		2.56496362219346		1.46128635607991	0.123599910646458	1.09379454491397		-1.22704035687801			-0.818333365925211						-0.39285353168954
GTEX-NL3G																	-0.394573925952406
GTEX-NL4W				1.46157556731843	0.10224811274131	1.07481480970404											
GTEX-NPJ7				1.46509515811877	0.126716155841451	1.09870487440439					-0.802597075638509						
GTEX-NPJ8		2.54203623481548	-1.67709000084997	1.4560571274459	0.170336289145828	1.08889653700976		-1.22743843656229		-0.386534952665118	-0.819234896720209	1.13463923082694		0.085920586735045	0.569949196560322		
GTEX-O5YT	-0.688728757381558	2.55625121321335	-1.66030941686178							-0.360622254570665				0.0762808507962301	0.566510439804009		
GTEX-O5YV	-0.694518927788165	2.5231603790425	-1.66113056674721					-1.22563339993878									
GTEX-O5YW		2.54637189137563	-1.65919589985413											0.0808237665590043			
GTEX-OHPM		2.5677449467505	-1.66412572798976							-0.36973365308353				0.0748856456122032	0.563401601895035	-0.102964803286874	
GTEX-OHPN			-1.67074715743201		0.188344447290892	1.08610288826043											
GTEX-OIZG		2.56748896259972						-1.22683235225298						0.0861607802194668		-0.109968406890464	
GTEX-OIZH	-0.695698697693574		-1.66561935902915					-1.23325446132303				1.09054936331915		0.0737624199506929	0.562614328076514		
GTEX-OIZI		2.56789641689715	-1.67109870614898					-1.21841540484817							0.568048728231605	-0.108490095340608	
GTEX-OOBK	-0.700256455425602	2.56999325073932						-1.23170714951215		-0.335819854000919		1.14151522694899		0.0810409341272813	0.563256860739709		
GTEX-OXRK	-0.686003071448961		-1.66685871298135					-1.22708305771968						0.0796793288229553		-0.105348484091145	
GTEX-OXRL		2.5606446636243	-1.66771546311545					-1.22214039864521						0.0824971172060261	0.570797594606319	-0.107464814424543	
GTEX-OXRN			-1.66242813665113					-1.21806159390897			-0.815329638329439			0.0753542109340345			
GTEX-OXRO			-1.66547598781622			1.11402887978074								0.0787057149422509		-0.107422892252157	
GTEX-OXRP			-1.66268500410719					-1.21785857812478						0.0856910475881467		-0.111377285256461	
GTEX-P44H		2.54559198510881	-1.66046531639329	1.46001563962047										0.0741911027741326			
GTEX-P4PP		2.57253371381795	-1.6749557829499					-1.23183129337241		-0.349241687643323				0.072335670166947			-0.401417527935798
GTEX-P4PQ		2.56724692076772						-1.22655347935147		-0.38296603015672				0.0768831256281361		-0.104298300937094	
GTEX-P4QT	-0.693516682120348		-1.67707623559462					-1.22778758003767						0.069716274796038		-0.104350416352685	
GTEX-P78B		2.5739888049018	-1.66954197599674					-1.23002941499213								-0.10711115510891	-0.413178767180033
GTEX-PLZ4			-1.66474280033716					-1.22546131368579						0.0784351081851126		-0.109158329784654	-0.39887779189035
GTEX-PLZ5	-0.689566165217066	2.57688300795697						-1.22126613227423						0.0796280550358455	0.570304559162229		
GTEX-PLZ6	-0.695979709309316	2.56616293663225	-1.67105177817437					-1.22743935619327		-0.336671521117024		1.15830238715294		0.0774197586003117	0.562198751502005		
GTEX-POYW		2.54404812459666						-1.20411349590778								-0.102822435362864	
GTEX-PSDG		2.57193360084259	-1.670004946446					-1.22134373834672		-0.324128553422155				0.0818743699131801			
GTEX-PVOW			-1.67142059465248					-1.22213068437119			-0.812323449261163			0.089237492476362			
GTEX-PW2O	-0.700115126255032	2.56343440263824	-1.67539572731455							-0.3640525609512					0.569365311684436		
GTEX-PWCY	-0.689579971944452	2.59793833089105	-1.67881328079108					-1.21511064946311						0.0816012590949697		-0.108075789030997	-0.398898226038202
GTEX-PWN1			-1.66987870285331					-1.22401101122581								-0.10964250004842	-0.403885116438421
GTEX-PWO3				1.4635492326044	0.172046523673359	1.06529414384534								0.0745346152055558			
GTEX-PX3G	-0.703417434834041	2.55993375511812	-1.67527466074454							-0.31449865041488				0.0802175921681577		-0.109392844232272	-0.389125296415928
GTEX-Q2AG		2.56400337052319	-1.6624094926994	1.45595224497578	0.186932538901416	1.10589491119724					-0.806029129741248			0.0760368067599465		-0.10714067119513	
GTEX-Q2AI	-0.700862362790546		-1.66249357935348					-1.21022186026282		-0.345570333892151		1.1443559330112		0.0799331189103238	0.563200743606557	-0.107707379887151	
GTEX-Q734	-0.69701178894586		-1.66374930683127							-0.36208700975625				0.0790772435850864		-0.107408666905125	-0.392120409355862
GTEX-QCQG	-0.69987517532474	2.5559897776768	-1.6781182306454					-1.22031439070949		-0.373397946427295				0.0807742519560276			-0.397681580508999
GTEX-QDT8		2.57016689017371	-1.6646720997441	1.46161072078781	0.192959388615515	1.09398367871011								0.0770110305640448			-0.40197065382783
GTEX-QDVJ	-0.69303594342611	2.56607612654065	-1.66746509025381					-1.22624922518453		-0.345010693033741				0.0812017550538642		-0.10806064173422	
GTEX-QDVN	-0.696770541727336	2.55937487034766	-1.66230833921988					-1.22883760503632		-0.36033303780979				0.0732295830306528		-0.106160447146794	
GTEX-QEG4		2.56185070554974	-1.66881378415014					-1.21633460519947				1.16211963857618		0.084703029851963	0.567122584269159		
GTEX-QEG5	-0.699723484805084	2.55145481215011	-1.6751214312383					-1.23135698660997							0.563572998647472	-0.107374757854556	
GTEX-QESD		2.57188576713049						-1.22614768313416		-0.424363733500864				0.0789627110161255			
GTEX-QMR6				1.457355783074	0.218195743365717	1.10497312430639											
GTEX-QMRM	-0.696004164230703	2.5730489231928								-0.355248945969224		1.16970226698193			0.569452367507935		
GTEX-QV31		2.56788312667975	-1.66711804621817							-0.354530327244197		1.16157692365906			0.559263162419644	-0.108138400698048	
GTEX-QV44		2.5637808789806	-1.67169627865097					-1.22446932263143		-0.323436434356588		1.14714694839124		0.0816763040161011	0.566058274278956	-0.108958022180303	
GTEX-QVJO		2.56560008793153		1.46227768748496	0.047620879348864	1.09048228535783					-0.807499100670357			0.0797307130050498			-0.384632581384648
GTEX-QVUS		2.52939488295354		1.45892177868843	0.194889710967941			-1.24280289260213									
GTEX-QXCU		2.56241023636656	-1.66418039586129													-0.104415318528462	
GTEX-R3RS								-1.22035385547361						0.0759733370438109		-0.103756060740624	
GTEX-R55C	-0.693240507180927		-1.66855414870176					-1.22168363921995							0.565518739857166	-0.104801389631267	
GTEX-R55E		2.53931638957241	-1.66983519601359	1.45987415267656	0.139194525063664			-1.21819554772875			-0.810544260906545			0.0762267899268229	0.563168887611558	-0.105106619640383	
GTEX-R55G	-0.709501526979753	2.57313992106533						-1.2247706582965		-0.327196845921598				0.0855600936793938		-0.111207590120797	
GTEX-REY6	-0.698966878945732	2.57096782059675						-1.22384527977523				1.17077788525586			0.569875054718036	-0.109475640109017	
GTEX-RM2N	-0.698121686160932		-1.66679042058788					-1.22321057433577		-0.34810998583002		1.09821160945945		0.0815188831054183	0.563756802439347	-0.109510550248455	
GTEX-RN64			-1.67634622537677					-1.22089555685359						0.0773704176513844	0.565383137905422	-0.106701934321655	
GTEX-RNOR			-1.66487391613819					-1.21780165067752			-0.814501023023422			0.0795713183397143		-0.104940111394991	
GTEX-RTLS			-1.6672579144819					-1.22710759150584						0.0806629332524647		-0.10747257631423	
GTEX-RUSQ	-0.699707811802335	2.57147387018185	-1.66469955695688					-1.22111869476563						0.0812087445783538	0.573402975091037	-0.107067519935013	
GTEX-RVPV			-1.67180326536366					-1.23442820802806								-0.113481358139643	
GTEX-RWS6		2.55760109616171	-1.66656712772694					-1.23044008760798		-0.347818057630764				0.0743776687160504		-0.104674971107496	-0.40150336584332
GTEX-RWSA		2.5334644161987	-1.66248858946756									1.15835646818241		0.0758723766233961	0.563690597912775	-0.104902274299493	
GTEX-S32W	-0.700559621702843	2.55393869138185	-1.66907877179395					-1.2291697614326		-0.403489433845395				0.0794498765711175		-0.106611943048984	
GTEX-S33H	-0.694037013515508	2.54098004593068	-1.66275961548392					-1.22826368779632		-0.353103296389488		1.15603685355534			0.557663864794536		
GTEX-S3XE	-0.70283665617247	2.5851137441851						-1.22058969324468		-0.388599652494707		1.12812461857121			0.567916661364423		
GTEX-S4P3		2.54983209606351						-1.20819139087309		-0.328211412349043							-0.408708289065018
GTEX-S4Q7	-0.702699234000498		-1.68877107395943					-1.22788748277952				1.12758655550714			0.563886407545094		
GTEX-S4UY																	-0.41101294596692
GTEX-S4Z8	-0.693231733886419	2.55553792404971													0.568504072834254		
GTEX-S7SE			-1.66453410109652	1.46111256924783	0.185393339681649	1.14079924685891								0.0735773791044064	0.558154735145188	-0.103775187926663	
GTEX-S7SF								-1.21684052808371								-0.106948572392095	-0.394736967823177
GTEX-S95S		2.57461854386578	-1.67600525422197					-1.22031824130272		-0.32594909436668		1.15835378841025		0.0827053553251666	0.56789382346674		
GTEX-SE5C								-1.20820356913896		-0.387672274143806						-0.10554749991826	-0.399596762242221
GTEX-SIU8			-1.66108076333534											0.074356877406929		-0.103969433598191	
GTEX-SJXC		2.56813084346039	-1.6661903747892									1.15154819185877		0.0719829563457508		-0.104374312302582	
GTEX-SN8G			-1.66857267078664											0.0801458651634406		-0.108254718340213	
GTEX-T2IS			-1.66400156363885		0.183269565244533	1.13116952655479		-1.22895106526418			-0.813354975063584			0.0747451714848409		-0.103028603566018	-0.39134947501338
GTEX-T5JC		2.56150221450386	-1.66790042152148	1.46474611477824	0.152820698289868	1.1178061922382		-1.23186861818987			-0.813866082780339	1.14406325104268		0.07518616150016	0.556643000930882		
GTEX-T5JW								-1.22323346177748		-0.379153104482825				0.078749720410019		-0.109982051515438	
GTEX-T6MN		2.56171843904504	-1.67163305387379	1.46285453579762	0.131736490386868	1.06458081231793					-0.808416465336248			0.0796977806328002	0.563082313113669	-0.107698570667627	
GTEX-T6MO	-0.690510089236982		-1.6629933921124					-1.21928350787688						0.0758146199704772		-0.105679258753041	-0.388264129940461
GTEX-T8EM		2.58900951154957	-1.66458272947122					-1.23633409008377		-0.331587749416071		1.1689128689241		0.0753299539021842	0.561993812019246	-0.108464738096622	
GTEX-TKQ2	-0.703694093795666		-1.67676027508795							-0.365118690503088					0.560642271526949		
GTEX-TMMY	-0.695796963473238	2.54609719242389	-1.6622780002778					-1.240373257771		-0.408189588013366				0.0747572791314838		-0.102484164488217	-0.391642898453238
GTEX-TMZS														0.0817637713239436			
GTEX-TSE9			-1.6641896209927	1.47010236156002	0.216687446848656			-1.22040637390295			-0.815244790878039			0.0729508895596699		-0.104162312022416	-0.405589610590892
GTEX-U3ZH		2.56123673844373	-1.67044700544064					-1.22381224423605				1.15825098589563		0.0733884084039025	0.559103174272528		
GTEX-U3ZM	-0.700268053805082	2.57776037073143						-1.22870346062564				1.14736360252864		0.080716027387159	0.562618927675725	-0.109460822937395	
GTEX-U3ZN	-0.701977385897922	2.56843390643383	-1.67704558536486					-1.22186392414644						0.0862729265292953		-0.111423535451333	-0.399564953515304
GTEX-U4B1	-0.693780979477138		-1.66774010642989					-1.22984193962734		-0.355331414672824		1.15270007556042			0.562420945920542	-0.104400924601449	
GTEX-U8T8			-1.67045610566659											0.080569372770926	0.565172086111187	-0.110170200542741	
GTEX-U8XE		2.56789455603617	-1.68173971295838					-1.21309735541173		-0.333994919514609		1.14746834398093	-0.00453522886647772	0.0732715819488586	0.565336032848821		
GTEX-UPJH		2.57691740103657	-1.66801261165455										-0.00630092681774493	0.074090110875285	0.558433906363914		
GTEX-UPK5		2.5669640515789						-1.22757849428141					-0.0737778669993038				
GTEX-UTHO					0.156103981646077	1.07309592444934					-0.821883403784531	1.15697661120206					
GTEX-V1D1	-0.690669416040524	2.57555032463123	-1.66473191949114					-1.21444518768811		-0.345685302808868		1.15832330422486	-0.0351012621948407	0.079998539917373	0.563889342338933	-0.109978405645487	
GTEX-V955	-0.695816815216755	2.57980918899495	-1.67503044861263				1.60729192931609	-1.23398683895199		-0.356508278819965		1.17170295170174			0.563193865077877	-0.105970469352538	
GTEX-VJWN			-1.6642871431695											0.0727292234694346			
GTEX-W5WG	-0.700295034366791		-1.6714829727941					-1.22227602710376		-0.310589497541215				0.0828771048961074		-0.111470906092314	-0.406407278648533
GTEX-WEY5			-1.66298539022752					-1.22289914364261					-0.192167198427814			-0.106051240315667	-0.397237337795285
GTEX-WFG7		2.56007764284023	-1.66313576805217				1.62868870619052	-1.22118117247934		-0.365782541995952		1.14496392517813	-0.0225686026301224			-0.109313189718025	
GTEX-WFG8	-0.706242374156243	2.57248490773973					1.53917960979457	-1.22337501357015		-0.333564118578465		1.13814196751407	-0.153697933169513	0.0880708073065355	0.567789245380076	-0.111156688199418	
GTEX-WFJO								-1.22223695188564	-2.5172404535235	-0.370345680184611						-0.105485653483978	
GTEX-WFON		2.54782854492873	-1.66589463271063				1.60404789973029	-1.2229088958249		-0.43463539070559		1.15830238715294	0.00457361138388531	0.0749233145502339	0.56095048190309		
GTEX-WH7G		2.57010053107213						-1.22300839375895	-2.51343346970262	-0.367048366970048		1.13869682249513	-0.0285833861024649	0.0763803057767935	0.562507101190608	-0.103506829623709	
GTEX-WHSB		2.56816248526628						-1.23662496472282	-2.51794347183899	-0.337962520938003			-0.129428547344016		0.567701739577662	-0.10696496488439	
GTEX-WHSE			-1.66011777561935	1.46365243589784	0.204048656515744	1.08056215401927		-1.2135964700142			-0.815287576350518		-0.142209499454258		0.562919554406199	-0.108273172609468	
GTEX-WHWD		2.54540050821307	-1.6672092275026				1.56798226028864	-1.23229948670923		-0.344595164068352			-0.0691420866793212				
GTEX-WI4N							1.5292891309673			-0.348086323305837			-0.0433666641051847	0.0809337982739537			
GTEX-WK11								-1.23219011270629				1.15050654632004	-0.0206294049540054		0.563827871942571	-0.1082843420233	
GTEX-WL46			-1.67042079452966		0.164922893936921	1.10587519694808					-0.815382802051995					-0.108133172573566	
GTEX-WOFL														0.0797681077951266		-0.107290911619143	
GTEX-WOFM			-1.67402043362569					-1.20831670110828	-2.50651094562464			1.14342699191568			0.568720162206659		
GTEX-WQUQ	-0.699582820682858	2.57846643630016					1.67677795218716	-1.23104945773116		-0.316827299603303				0.0753552620246691			
GTEX-WRHK			-1.65216931585951				1.60725436556695	-1.22203775286961		-0.422135615251648				0.0700670937171322			
GTEX-WVLH				1.4583099991578	0.190662872741184	1.08906784495438		-1.22762969657937			-0.81449688804969				0.556956345846484	-0.107361680561744	
GTEX-WWYW			-1.66959439807775	1.46511298584153	0.188688729774802						-0.810477051668426					-0.104238813569968	
GTEX-WY7C	-0.689670477112754	2.57491361817691	-1.6656814843744				1.6963242082689		-2.51145516578333	-0.358999108587099		1.1523174171131	-0.00672484242020095	0.075897006094111	0.563967165541079	-0.10745220684897	
GTEX-WYBS			-1.67471485879974										-0.165622723093577			-0.112318497020639	
GTEX-WYJK		2.56210639475253	-1.67020764590396					-1.2277858624132		-0.354947354821446		1.14512712391836	-0.0431567254975662	0.0788358803251084	0.562831947072898	-0.108619573650246	
GTEX-WYVS	-0.701731946694108	2.54494523108665	-1.66857082581127				1.5897211856476	-1.21887638268743	-2.52103945947408	-0.336938166489743			-0.103443590598379	0.0782384879915426		-0.109965859715468	-0.386177541788851
GTEX-WZTO		2.57098898620891	-1.659874021717	1.46314028276106	0.156882847689416						-0.798704103710086	1.13678238096683		0.0760723655476809	0.566273161665667		
GTEX-X15G							1.60829535557168	-1.22178835573328	-2.48789945198495	-0.38057552530428						-0.10434074014814	-0.397316778257624
GTEX-X261			-1.66080740025828	1.46091238104632	0.180039907381945				-2.50804504191347		-0.815042451689677			0.0744107970730146	0.557496600007587		
GTEX-X4EO		2.57839990864294					1.63477309473631	-1.22029967305616					-0.0196126472461929	0.0715213350864959			
GTEX-X4EP		2.56556630309661	-1.67088354294746					-1.22923748875863			-0.804887712968402		-0.081071699852338	0.0766800580389608			
GTEX-X4LF	-0.6942761398184							-1.22671845371516		-0.320906711338095						-0.108369640464751	
GTEX-X4XX				1.46380420140458	0.149371528323115	1.10425998787484								0.0825315866507268		-0.109750420231963	
GTEX-X4XY		2.57441472237988	-1.67036908048569	1.46211459332904	0.221730261083273			-1.22625190803697						0.0754479699192333		-0.105601033056798	
GTEX-X5EB			-1.68472788441755					-1.2332199416248	-2.50909387523367	-0.434399915500316		1.14939338625135	-0.128644467578108	0.0818200403295622	0.565404493430329	-0.112779292207543	
GTEX-X62O			-1.66361328439293					-1.22475981649244						0.0797605482948929			
GTEX-X8HC													-0.0261613990095925	0.0738787230604982		-0.10594161519389	-0.412088701387666
GTEX-XAJ8			-1.66076059266655				1.66277980329488					1.15413656487523	-0.0082379110521948	0.0778658974807853	0.568364054539243		
GTEX-XBEC			-1.67100044956082										-0.125456863038978		0.555259461101505		
GTEX-XBED		2.5654208267588	-1.66955303185674				1.58022882758845	-1.22901222012019		-0.430800045599439			-0.0223920362394919	0.0765165838515349	0.564079797969052	-0.107416714506089	
GTEX-XBEW		2.55046947953033	-1.66034408477846					-1.24161052982307		-0.360428296313984			-0.0589307167566754	0.0731016854792729		-0.10488533879906	
GTEX-XGQ4			-1.66496216693432					-1.21091952395839	-2.52053461226528	-0.347387916286699		1.16034032710992			0.564724535560004	-0.104347403071082	
GTEX-XMD1				1.46347778832317	0.203445589642272	1.08913504011549											
GTEX-XMD2								-1.21486577824574					0.0112033734094641	0.0768604466182526			
GTEX-XMK1	-0.700376499759891		-1.66065773712814					-1.23700167583792	-2.55104735781565	-0.32920130228446		1.14109047503176			0.561650307849341	-0.104458432494386	
GTEX-XOT4			-1.66045359904034										0.0566438770709666				
GTEX-XPT6		2.56560445032023	-1.66057574917527												0.563534358514071		
GTEX-XPVG			-1.66688553869237							-0.331532176535873		1.13720970124224	-0.0117197882424847	0.0793308038461906	0.570115190905453		
GTEX-XQ3S	-0.694756353286356	2.58035287460863						-1.21878987639365				1.14243486462029	-0.160103816938701	0.0803653729651044	0.56449714748725		
GTEX-XQ8I		2.56940637693174	-1.67112498561484				1.6579336825458	-1.20641069451383		-0.395217784151911			0.0891186867532739	0.0731999669406567			
GTEX-XUW1		2.56766277577601	-1.67874302587721				1.55963811494134			-0.345123699959506			-0.202157881531034	0.0869831700178007		-0.111673873766712	-0.395176095321203
GTEX-XUZC	-0.703566107045693	2.56760277719761	-1.6807881881472				1.55235014393033	-1.22222638876711						0.0874816308135689		-0.111492540620871	
GTEX-XV7Q	-0.701496972225376	2.54438149591093					1.62167991022406	-1.22210564322914	-2.50339799836087	-0.337614474605842			-0.0773621754384363	0.0804674187072712		-0.109541727559767	-0.396954066037158
GTEX-XXEK		2.56909146035571					1.62453669199422	-1.23173545690316		-0.323103201469322		1.14669619899392	-0.00409268302202325	0.0723368641809571		-0.11280701383254	
GTEX-Y111			-1.66378703084752					-1.20942521570242	-2.51444255384835				-0.154366135853084	0.0807147771542782	0.568029190412204	-0.107448670033069	
GTEX-Y3I4		2.56458612911167					1.56531061179649	-1.22783939087685	-2.5224491190596	-0.341652032091633			-0.115795294419303	0.0769539043589075	0.568394974136137	-0.105510512240924	
GTEX-Y5LM	-0.692092754326286	2.54810627000867	-1.66490524206224				1.55769637880202	-1.22103903552699	-2.4839666005628	-0.367288908557628			-0.116316865507586	0.0766801678060413		-0.104953749975698	
GTEX-Y5V5	-0.703285458909308	2.53799262737134	-1.67464499082239					-1.22974462266168		-0.340853598504546			-0.174086263566554	0.0806623032049875		-0.10799765867446	
GTEX-Y5V6	-0.692898921782847	2.55190902692826	-1.66141176210022					-1.21646545803824	-2.50575378937147				-0.0250330140159117	0.0816977878811846	0.570430281807995	-0.108367628907803	
GTEX-Y8DK			-1.66298963626116		0.203757130619814									0.071492928940634			
GTEX-Y8E4		2.55530553302793						-1.22640894415457		-0.421830951357778		1.137005522493	-0.112295599391481	0.0839359117714013	0.570066519297369	-0.106931961693107	
GTEX-Y8LW		2.54365505015105					1.5747225100011	-1.22566989869952		-0.355192078493326			-0.145455717940896	0.0825438153822518			-0.39876533385115
GTEX-Y9LG	-0.696172847841368	2.56848151506863	-1.66069996202774				1.67654733804385	-1.21833120975362		-0.352879358462416		1.15855533083141	-0.0499117109639677		0.554342833476704	-0.107445263500137	
GTEX-YEC3		2.55277965008626	-1.66689034383791				1.59514329458737	-1.22710179905693		-0.331602948506763			-0.0904262396600032		0.569570719628467	-0.111413770496525	
GTEX-YEC4		2.5611675635177	-1.6653202875504					-1.23673788760025		-0.422323094440171			-0.0842478399309093	0.0707611629688999	0.563988689678644	-0.104007857007229	
GTEX-YECK		2.55037612478739	-1.67226112447496				1.57946973594888	-1.21296969871116					-0.152868875472572				
GTEX-YF7O	-0.687720914370023						1.71802239291478	-1.2168057749848	-2.51742930732223	-0.441279379474087		1.13738041794505	-0.0496384538358915	0.0773821561520256	0.568265458762192	-0.104319313495738	
GTEX-YFC4		2.57622064713426	-1.66717777824246	1.46424051829965	0.147549304075287	1.08684906364548		-1.22464911537988			-0.812990183592912			0.0766104717956262		-0.10690309579961	-0.399942203514372
GTEX-YJ89				1.45975177448879	0.19846232391879	1.09543351994164		-1.22971332613227						0.0760895837426916	0.558505035843077	-0.102550775304382	
GTEX-YJ8A			-1.66332402881624				1.6200387476437					1.14647058338655		0.0750082051161924			
GTEX-Z93S			-1.67332137274325	1.46481086582816	0.175502227397558	1.09089745493935	1.61412349850554				-0.810680558926706		-0.118423690932803	0.0783713241400043	0.563218825980291		
GTEX-Z9EW		2.56424157040628	-1.65678559983836					-1.21430214876917						0.0749787444822622		-0.104218111686326	
GTEX-ZA64	-0.69200542293007	2.56985983979497	-1.67049840153283				1.65166733993078	-1.21914212276073	-2.51839479409033				-0.0782629327305937		0.571151876172651	-0.10737934260121	
GTEX-ZAB4		2.54620470674596	-1.6614460165742	1.46075037603471	0.158683448772463	1.12254023420795	1.56829442620392	-1.22549569263031		-0.340834318375128	-0.809433915483482		0.0409715119031141	0.0790467533008055	0.563184966967003		
GTEX-ZAB5			-1.67473497470548				1.54917024510203	-1.22905512738584		-0.367500417410508				0.0825024479707215	0.565808273834033	-0.107555118618768	
GTEX-ZC5H		2.54191458900195	-1.67135141851836				1.56944005521128	-1.21390710002475	-2.52421658575986	-0.392698360024354			-0.169260177184945	0.0770865886122294		-0.110933109286644	-0.412097442383148
GTEX-ZDTS		2.56971475973534	-1.66345481576744				1.58827288877348						-0.0396811300337859	0.0811872999535465		-0.105040951471971	
GTEX-ZDTT	-0.697409948803805	2.57251352928744	-1.66838234437672					-1.23890505388177		-0.348293419162695			0.0105037646468916	0.0755860458217747	0.563287204544164		
GTEX-ZDXO		2.57121911110076		1.46267030378194	0.145665499584959	1.0866346316538					-0.810233767348003		0.0249611684759373	0.076361049259208			
GTEX-ZDYS		2.55500963264307	-1.65723030706218					-1.22429383346608		-0.367853938780429		1.14814293443822	-0.0522946057898898	0.0811918265527247	0.568347671684321	-0.107615985640562	
GTEX-ZE7O					0.254716388584898		1.61879708056363		-2.51372910626943				-0.00887270460355362	0.0809907554203469		-0.106809398491517	-0.398519431306297
GTEX-ZEX8								-1.23614254195328		-0.383957733773276		1.15379741663022		0.0823252362524235			
GTEX-ZF28		2.54770089713634		1.47186646546397	0.104251230972226		1.72093299826968				-0.799736302136149			0.0770272292461214		-0.105535907874834	
GTEX-ZF29		2.55420422330942					1.62001043041986	-1.23828999616222	-2.49726304978087	-0.347401482249699			-0.0160349043818175				
GTEX-ZF2S	-0.688492751153682	2.59175224899059	-1.66643791464507				1.63917164597035	-1.21262458583654					0.0578960432572193	0.0799461891243723			
GTEX-ZF3C		2.56674273952862	-1.6671365477476					-1.22223021748015		-0.345921227191312							
GTEX-ZG7Y		2.53906197953226					1.66786975933409	-1.21246306558714		-0.397113595094492							
GTEX-ZGAY			-1.66876427177768					-1.22509714658909						0.0738977965956159		-0.108828446750062	-0.387423140539297
GTEX-ZLV1	-0.699311385953163		-1.67008179655192				1.65720021412201	-1.22360967194608					-0.127076568379002			-0.110490274205909	
GTEX-ZP4G	-0.695406069617038	2.57170353778947	-1.6612971555258				1.59120354419157		-2.51441030443468	-0.333699395489763			0.0260987925192132	0.077138211490395			-0.401576264358231
GTEX-ZPCL							1.72316271896051	-1.21375381590451					0.00892354606957511			-0.105112818808722	
GTEX-ZPIC		2.5586095672398	-1.66031114403802				1.7454466668681			-0.378186605439741				0.077368342128753			
GTEX-ZQG8							1.67975950581073		-2.51864360586613					0.0719955100139874		-0.105336914231924	-0.396366927754232
GTEX-ZT9W	-0.700747027185947		-1.66782460273094				1.58766105566764	-1.23012033035166	-2.4900815126904	-0.402127695208944		1.15926460716606	-0.126251939293381		0.565513696558541	-0.106725044174751	
GTEX-ZT9X	-0.698253238942742		-1.67170387502082					-1.2212797662669					-0.181635667635892		0.571376539690573	-0.113027461022121	
GTEX-ZTPG			-1.66337425694277					-1.21464650472661		-0.41287249808362				0.0815478600433585		-0.108114294702171	-0.401554108127472
GTEX-ZTSS	-0.701831917098352						1.59197873549121	-1.22841836294961					-0.110355082045817	0.0796327750961235	0.55746714919087	-0.10787059940285	
GTEX-ZTTD							1.66025478497822					1.15247866541568	-0.00973939099132321				
GTEX-ZUA1	-0.698959959709587		-1.66879234651353	1.4577669217132	0.123532537769438			-1.23348190291492			-0.816124865647765	1.13555028127264	-0.0774881478310819	0.0830554360239672	0.567844229843915	-0.116636508187909	
GTEX-ZV68					0.192626432831178	1.07402838459499		-1.22520886067242						0.0814334780804312			
GTEX-ZV6S			-1.66122218785837				1.64115174713019							0.075808925160127		-0.103732910535798	-0.405825494707484
GTEX-ZVE1													-0.0533731183096631				
GTEX-ZVE2			-1.67241898800032					-1.22575422249824					-0.0686331267071669	0.0801031929063542			
GTEX-ZVT2	-0.675938500742259	2.57179136975101	-1.66535063691822				1.74316152949685	-1.21918152776549		-0.336878398990296			0.0282657483300558	0.0805368157739036			-0.393930425740155
GTEX-ZVT3			-1.66629322711279	1.46516220645656	0.190706384241682		1.59715601628493	-1.23197455453029						0.0783700563222318		-0.113734446117614	-0.398609098839348
GTEX-ZVT4							1.66829882558112						-0.0429812088559291	0.0788685678503721			
GTEX-ZVZP		2.55982093582494	-1.66821548653463							-0.338029555445191			-0.174039187731307	0.0848766467506188	0.569536948849202	-0.112290310531273	
GTEX-ZVZQ				1.45507030586896	0.192706273796567		1.60537887536137									-0.108394064431372	
GTEX-ZWKS													0.00829708951050898	0.0794723157367522			
GTEX-ZXES							1.63489431053738	-1.23443975328758						0.076147760671422			-0.396627359688235
GTEX-ZXG5			-1.66162937365042	1.46107723216986	0.154450360048974				-2.51190449002328				-0.0561843803808007	0.080993508965022		-0.109795714190198	
GTEX-ZYFD		2.57064802575038	-1.66751498053314				1.64783509671557					1.14233038399713	-0.0136231588459067	0.0735949536698775		-0.105969713386992	
GTEX-ZYFG	-0.696817997786975	2.55469165772326					1.58711372081467	-1.22120302122978		-0.332072366926219			-0.0929708832720735	0.0802592313177241		-0.107244977508737	
GTEX-ZYT6		2.55226272456098	-1.67328826747384				1.58175095703837	-1.23957604642469					-0.0552955370709805	0.0750119828978192	0.569972397663486	-0.107029482406362	
GTEX-ZYVF	-0.68979028252569	2.56214216756107	-1.66371051095986					-1.22807262861876					-0.0735188407413159			-0.105476464884819	-0.401222143432798
GTEX-ZYY3		2.5851218566483					1.58944355084524	-1.21708259860684		-0.340855677984273	-0.812299136320099		-0.0603333720442722	0.0805305037611366		-0.1069441439303	-0.388325299263195
GTEX-ZZ64			-1.66071090461333				1.6137287200498	-1.21495004169194				1.14717071224924	-0.0360981729390079	0.0714340569382556	0.559662642877573	-0.104309769692011	
GTEX-ZZPT								-1.22186761328871						0.0752933279857467			
GTEX-ZZPU	-0.690359923229675		-1.63983852974418							-0.420768729113816			-0.0489287388592064			-0.10459779317244	-0.399780111689839
