ind_ID	Adrenal_Gland	Artery_Aorta	Artery_Tibial	Brain_Hypothalamus	Brain_Nucleus_accumbens_basal_ganglia	Brain_Substantia_nigra	Colon_Sigmoid	Esophagus_Mucosa	Minor_Salivary_Gland	Pancreas	Pituitary	Prostate	Skin_Not_Sun_Exposed_Suprapubic	Skin_Sun_Exposed_Lower_leg	Testis	Thyroid	Vagina
GTEX-111CU	-0.0519718218696958						0.00559115454917378	-0.175698727277736		-0.129299191607562		0.655411484101882	0.0999779541887409		0.58998615223088	0.220041618416683	
GTEX-111FC			0.727081443546402						-0.0074139259919474			-0.395640260628939	1.55909252323824	0.367799437640505	-0.331153474148862	-0.897246146602258	
GTEX-111VG													-0.00433812737736238	0.0657086883358498	-0.13147831461234	0.401820019637808	
GTEX-111YS	-0.368691214480147	-0.69758263012448	-0.341652335262709				0.759179544116527	-0.165671028262234		-0.454961457585193		-0.15195473186835	-0.148915896713913		-1.08197239754675	-0.0870575725407022	
GTEX-1122O	0.530487984904628	-0.387150626586731					-0.213198638328235	0.162059580541925		0.206047164056667				0.188220044090241		0.298570110385289	
GTEX-1128S		-0.252017120775242	-0.241209018741169							1.78402046098459	0.494700058231698			0.0229569492952788		-1.06407972236958	
GTEX-113JC											-0.535214674778488			-0.0904414973963322		0.0623492514881315	-0.409211041889635
GTEX-117XS		0.456306012064845					0.256551718991518				0.157446067649773			-0.193166050334775	-1.28642070138094	-0.648267349848193	
GTEX-117YW		0.143657386608156	-0.198843929033434					-0.225553777575152			-0.377843558927512	-0.282178169602487		-0.0265042084696336	-1.3769151787665	-0.86421933621829	
GTEX-1192W											0.0193422107898627			-0.479330831823364		-0.924424123130604	
GTEX-1192X									-0.403495694523398		-0.477354106680044		0.345875210571406	0.311977430242582		0.308340023015451	
GTEX-11DXX	0.304124931044	0.0815616523652496	0.951705858892396				-0.0804680436927654	0.0055707746465275		-0.0903087727984308			-0.134040187926279	-0.20678771246988		-0.207851155319179	-0.517860734541154
GTEX-11DXY	-0.583436448770245						0.287484512068914	-0.217726797174924			0.041669210741229		-0.332217756107577	-0.262700521893501	-0.273028205295293	0.221429212290196	
GTEX-11DZ1								-0.3842343049959					-0.0301583605783387	0.557242552903107		0.513126682573639	
GTEX-11EI6			-0.405152356127861				0.180072690086173	-0.222010477657065			0.0319901692239167		-0.653552641268494	-0.622901285799564	-0.268268950426239	-0.274612154127239	
GTEX-11EM3	0.282350914473859	-0.735559653455081	0.090885672865575				0.384785169360047	0.144224218626578					1.02274215193891	-0.101337248278701		0.0303185772120855	-0.737917078860576
GTEX-11EMC	-0.568247733854548	-1.14218817446111	-0.221640706141635				-0.0116467576815772	-0.593651216874243	-0.30237828042866		-0.499122716797973			-0.70980851704334		-0.763841252486985	-0.114187798712996
GTEX-11EQ8			1.27674186807904										1.2522213143239		0.802965589737043	0.444558756947674	
GTEX-11EQ9	-1.05516064151944		-1.33701711570536				-0.0342410449185574	-0.23735989379572	-0.252613625768496	0.647703172280928		0.816215522865528	-0.396354134663626	-0.337096231080898	-0.772477409717808	-0.0133428411740993	
GTEX-11GS4		-1.03066497950037	-0.371406855035692				0.193398301407127				0.322281695158478		-0.433007227327202	-0.338196241290385	0.61263706088566	-0.763541636676175	
GTEX-11GSO						-0.241147763258743					0.256762255215204			-0.322500798326792		-0.118193202026528	
GTEX-11GSP	-0.877333035799745	-0.431263800578518	-0.683948582830953	0.104306431520412	-0.491650025571947			-0.464503236040568		-0.42489401303453	-0.642430464805896		-0.994718039173967	-0.033802712478982			-0.394852122702798
GTEX-11I78	-0.133899668967755	0.372242289293975	-0.109762997685044				0.159326220847081	-0.152971412910757		0.168107874271238						0.0980899459591562	-0.056836472241748
GTEX-11LCK		-0.335503425705624	0.0401014217638324					0.420169750490907		-0.0279728056460323			0.327966966523433	-0.0351270454332026	0.390468933686275	-0.31202213344786	
GTEX-11NUK		-0.119390411259231	-0.47110826977047					0.195791553162354			0.637443113811155		0.172921011767213	0.154651828460983	0.963172962780596	-0.0641986720533372	
GTEX-11P81		-0.466712083067336	-0.662866796813731				-0.0376406575142488	0.80221868594826	0.14359423391298				-0.235426638275472	-0.28147845761186		0.0545917161706121	0.499333645362946
GTEX-11P82		0.062806501873267						-0.262619710936068	-0.608083504685811			-0.311523514391395	-0.549270285759654	-0.593261675246866	-0.7258677981549	-0.836422552306791	
GTEX-11TTK														-0.0847526033156763		0.476514789843187	-0.531485963583538
GTEX-11TUW		-0.148306105314485	-0.211859974225009				-0.721814733182642	-0.209260856197738	0.461199982747728		0.87881364379426	0.162256420340526	1.39210592013076	0.44698042779117	0.974564904771364	0.762239889502078	
GTEX-11UD2		0.231614788859391	0.426399670493637										0.22674543158512	-0.523792910817285		-0.354880923692669	
GTEX-11VI4			-0.0137941283069739				0.00674006454279422	-0.0020577522737433		0.729802999831234			0.504286086859509	0.302344432972184		0.392730178264751	0.19029658512601
GTEX-11WQK		-0.488657549001016		-0.550592533029503			-0.180690919412973		-0.66432224885619		-0.148818093383172	0.342011315115777	-0.138679954530041	0.536338947511236			
GTEX-11XUK	-1.37941062123247		-0.515891649440403					-0.289826647443485		0.47494682706228				-0.668115852668796		-0.635194590918894	-0.760997946425413
GTEX-11ZTS		-1.3830176313587	-0.676435827803676	-0.463043102303565		0.173681594314132	-0.306254387745494	-0.410258364026825	-0.647850697178174		0.409104825173137			-0.102261428132936		1.00766041231834	
GTEX-11ZTT							-0.292393244805717		0.186819940488072				0.606709254592505	0.45913544327871		0.730612404280863	
GTEX-11ZUS			0.220263830517553	-0.403834591082186							-0.382474694848092	-0.479762246685591	-0.430192701380498		0.341752728788642		
GTEX-11ZVC		1.37709154185595	0.824660483573307								-0.228793533038097			-0.100159323203996		-0.242595904269511	
GTEX-1211K	-0.275843900809224	-0.169607653533088	0.631608821387721				-0.387268027354783	-0.327563244648064		-0.24689886707913			-0.0270297998878214	-0.0264004801813679		1.22127521452447	
GTEX-1212Z		-1.0140869026873	1.41665262354565				-0.116875306435673	0.221657534141925			0.119274312130308		0.200400402933889	0.0110041961758649	0.46187801069828	0.506143403025703	
GTEX-12584			-0.708062185841604		1.25620875622004						-0.717541527024171		-0.0537772381610868	-0.175548598059734		0.460627604979432	
GTEX-12BJ1	-0.308528725089326		-0.158697327649949				0.0984703318889979	-0.964820873748691	-0.397003375892777	-1.02681201419974		-0.941376668416239	-0.364484230124713		-0.823636913304186	0.778759365948772	
GTEX-12C56		-0.650456079444433	-1.78117054318274					0.125652757674153				-1.04987166097714	-0.263163335096134	-0.578588909346704	0.682818612675778		
GTEX-12KS4		0.050248285855673					-0.0328692489425286	0.172529676529612					0.105368788501283	0.00270255897381061			
GTEX-12WSA				0.247112137383778		0.350537154783347		0.199407095127362					0.038675435785727	0.297839022189148			
GTEX-12WSE					-1.28065848275405						-0.414223851212065			0.367129867518986		-0.481062062671204	
GTEX-12WSF					0.941483328860929	0.107995282270143					0.273572895797181		1.07190333096161				
GTEX-12WSG	-0.144074903239111						-0.605955811510577	0.282479387550791		-0.329303507711248				-0.368929398025002		-1.15557194767211	
GTEX-12WSH			-0.397449535616207		-0.750132248799492	-0.0260775365087797					0.229345704980802		-0.113373731177415		1.38756632846169	-0.314107202247676	
GTEX-12WSI															-0.783535189124731		
GTEX-12WSJ	-0.219512729132962						0.559503782412489						0.563138937496024	0.24164656369715		0.332385113220586	0.256124089239403
GTEX-12WSK	0.100104881923632	0.378008414900089	0.88709652018694					-0.659888046437678		0.599923019884924			0.0519906688324082	-0.112491310173795		-0.466182092751991	
GTEX-12WSL	0.933688616642951		0.494446314836784				-0.347223959492208	0.226089792322267	0.341724836922076	-0.167909936175697			0.275565566975618	0.34203967763464	0.599695697875296	1.34485639801126	
GTEX-12WSM			-0.480422089343249	0.204268021881722	0.144263788099165		-0.476067747444719		0.0470810005964871		-0.285039226612334		-0.141772756899621		-0.147316320466665		
GTEX-12WSN	0.290813634290496	-0.372193607496901	0.286839506009977						0.437752639885219	-0.342872585320069			-0.720234874502448	-0.293617908170336		0.467899994302947	
GTEX-12ZZW			-1.13518523416306		-0.449162011309273		0.467235912211667	-0.41179263814344			-0.18375658454123						
GTEX-12ZZY		-0.300129308696572	0.605772230074495		-0.158718617417309		-0.109259723538116	0.620969804588081			-0.177980515166422		0.0682287766730202	0.198674462089805	-0.60636517428651	0.310402127324593	
GTEX-12ZZZ	0.744610413929263				1.18093574484182							0.0815791635643353	-0.638759405232815	-0.394045870233177		-0.237206300876736	
GTEX-13111	0.747355065403973	-0.869683419060418	1.16983698749599				-0.66546051434596	-0.0225927765378913	-0.253046782114433			0.637692478192885		-0.51582292762762	-0.153468962997884	-0.553423567627347	
GTEX-13112				-0.632554806295168	-1.42773650484888						-0.267038267932448		-1.28807110709763	-0.916584453912276	-0.878928344401233	-0.616774300798439	
GTEX-1313W		0.564818858845467		-0.284088839050626	-0.432364916943117	-0.287698856617558					-0.691177880690682		0.186367406309614	-0.103928503605063		-0.830743131076235	
GTEX-1314G			-1.47323750201852						0.119234997507698				-0.270531465393135	0.0167177982548164			
GTEX-131XG	-0.236516750131958		-0.870409155598604				0.576206739712689	0.673249826515055		0.965324185247651			0.526272790379358	0.0393209124624705		-0.583883626019492	-0.539031900102237
GTEX-131XW		-0.448046323652625	0.337698162315584	0.156519010472878	-0.252805258476587						0.806455743444807		0.325330163553784	0.430765753925879			
GTEX-131YS	0.684784448324794	-0.0123689796116711	0.402045197614556				-0.0290582805122781	-0.842199229508062			-0.188224841226173		-1.30053940480685	-0.93690135685474		0.443397383576479	0.0502034309027063
GTEX-132NY	1.30769107876312		-0.125229668802668				-0.314859684363227					-0.456558288865349		-0.468756968222087		0.109264086647071	
GTEX-132Q8			0.0767767174364702	-0.744686547285395	-1.48501571979667	-0.185239662087389		-0.343278022208411									
GTEX-133LE		0.860327216381054	-0.131100616376431					-0.424832443397892					0.0755304996180609	0.147839798237077		-0.247342569738379	
GTEX-1399Q								0.00161155597849804					-0.4707026283844				
GTEX-139D8		-0.209137734525541					-0.144785949564873						0.6502919921964	0.193371141679277			
GTEX-139TT			-0.329989251316893		0.810298845254999						0.135307983944961		-0.586285079012775	-0.00146718014158449	0.303898665854338		
GTEX-139UW		-0.132652834631378	0.634320783609493				0.00506444866380223	-0.597379178669848					-0.840948813788972	-0.481281761669857		-0.374649925657316	
GTEX-139YR	0.917715198003464	0.473870496753815	0.300696363646598					-0.133517167178522		-0.609288447064611			0.0108093965686661			0.198620240374149	
GTEX-13CF2				-1.04586189169248		-0.180342047109516	-0.372077534813165		0.527971867979004		0.0717707716172656			0.550723164181394			
GTEX-13CF3	0.0879770835557695	0.289503360928055	0.222163325486349				-0.412994021299016	-0.1533796670474		0.155485833406369				-0.564170854162663		0.138751643105726	
GTEX-13CIG				0.507070786730696													
GTEX-13D11	-0.57623486922603	0.965843706624908	0.109103619166302				0.0839919949129732	0.289524088739371		-1.05153121570048			0.110473578954698	0.091474579995894		-0.171477969948336	0.118356130178666
GTEX-13FH7	0.628324127950161	-0.277420611125809	-0.523689354327273				0.0396930445245664	0.158803122573296		-0.23586859097434			0.255683219366419	0.0945108436254562		-0.0719269643920697	
GTEX-13FHO		0.505383781828487			-0.399745620292525		0.0320126699947013	-0.0377502978926315			0.0173720156912288	0.0866474057809224	0.449736025692718	-0.250300281608065		0.79043132710874	
GTEX-13FLV		-0.211571985222207		-0.227100805854901	0.439340648402189			-0.0283205397933722		-0.135559379240096			0.279185721145844			-0.730589776756183	
GTEX-13FTW	0.0615545457146545		-0.143131374439797				-0.371262851503436	-0.772606472526485		-0.664275631294104		0.203642010587106	-0.0941836008711253	0.35132844981739	0.719708415077286	0.239814535801979	
GTEX-13FTX		0.513169947281629	0.817983982161725					-0.366978761241237		-1.58321457804244			-0.074014532452952	-0.370712503318592			
GTEX-13FTY			0.442380262927806								0.430100772283367		-0.359022012626424	-0.486768704375411		-0.097734813535003	
GTEX-13FTZ		-0.227550059716323															
GTEX-13G51			-0.21681058756395	0.702528029510172	1.08460908012515	0.294357092587515	0.424680716223363	-0.176896620849114	-0.0232769501461005		0.21051501909066	-0.343987848802669	1.05512585149262	0.633291258784685		0.441953122329271	
GTEX-13IVO				0.315268602002554	1.05481094404676						-0.0854709939439253		-1.15433820053939	-1.37094556822491		-0.640195048345502	
GTEX-13JVG			-0.445554332854291	1.12493028144178	0.389871334261263				0.311931639414179		0.371853891337475		-0.495966379217436			0.00761831097003686	
GTEX-13N2G		0.11364252569435			-0.446437626419363	0.260947445383395	0.641134182108588				-0.325232978923654	0.0162754884546538	-0.737691526533955	-0.0537478132603228	-1.44506502108118	0.601904144230619	
GTEX-13NYC			-0.214147904843541										0.446876569269897	0.283096587922775		0.074982336669298	
GTEX-13NYS			-0.300643649538068	0.468077849111353	0.112092831256773	0.434711641286087					-0.196450977260869	0.2510649092587	-0.0256713473539053	-0.216190882597109			
GTEX-13NZ8			-0.52423193249964	0.631806995936655									-0.43055997067198	-0.169155137586935		-0.187899634171454	
GTEX-13NZA				-0.118595021340449							-0.455290609228182			0.214696903785806	0.417114825242171	-0.00519701933209553	
GTEX-13NZB			0.370995512218665					0.545517961787414						-0.138910117341093	0.797318031356356		
GTEX-13O1R		0.329691439822863					-0.596513061204781	0.892691501946539		0.828728624238929	0.418764318886437			0.150511891220656	-0.284429131801036	0.511463410034465	
GTEX-13O21	-0.38232585427887	0.432054559123532	-0.265115753083584					-0.624103603074125	-0.424254435406591			1.27890441350449		-0.365808855762565	-0.618281718246223	0.396874745508583	
GTEX-13O3O	0.695552216647198	1.06683050623099	1.41460975934158	-0.170851191704322	0.179026334690684	-0.233415242798507							-0.939850540051849	-0.0347994001991223		1.25871889233615	
GTEX-13O3P		0.168993545765518	-0.570852479766907											-0.0275247778610525		0.269010929760389	
GTEX-13O3Q			-0.354349600319563	-0.177957542507573	-0.436870008154166	-0.777014632314578		0.492175220456211					0.0621185350400293	0.287485264789215		0.305632675754209	
GTEX-13OVG		1.06880761674652	0.241546551948612					0.232402407294333					-0.545701641295403	-0.591480855668415		0.0259839979355561	
GTEX-13OVH			-0.26016026804006	-0.533988240876993	-0.989254187581613						0.0839276732482089		0.0798096751580842	0.202151159618308	-0.21241171915819		
GTEX-13OVJ				-0.939919093853423	-1.16550477488431	-0.895978252387505	-0.512130842429619	-0.430356159931639			-0.0232569591749911		0.0249250943655366	-0.0315521972634832		-0.132444430813435	
GTEX-13OVK			1.66252915104133				-0.678081357213629	0.29711812636807	0.307485838626163				0.05280722334636	-5.52629701485799e-05	0.793775966113759	-1.04767265593517	
GTEX-13OVL			-0.22482577766912	0.103218931924577	0.843663969946433				-0.314828536100949		0.870817361529114		-0.41006036303992	0.281194945822124	-0.761250168711141		
GTEX-13OW5		-0.184687870169716		0.171888578012427	-0.262936170180042		0.311539556844706				0.176105279790099		-0.152349111668204	0.382338012429013	0.305804072720524	-0.387580858499632	
GTEX-13OW6	-0.554223470213034	-0.0995778828050198	-1.28645911393564	0.0384436620603605	0.265516771959419	0.405299643569938	0.837811810674636				0.0472533871511489		0.278236397147537	-0.451277890158168	0.735074683526368	-0.181695895219385	
GTEX-13OW7	0.0522065285554267		0.0638173159166015	-1.18334167215307							-0.523838037718954		-0.135115110698188	-0.0369047732688296		-0.12734539114133	
GTEX-13OW8		-0.112095230141689	-0.272260081363706	0.429380561258048	0.613832346213432	0.244424508824718	-0.939232604817806	0.392932692667298			0.567610910129102	0.431983216455035	0.321178060986576	0.424435415982791	0.704730956153455	-0.291256594253497	
GTEX-13PL6			-0.383031184392653		-0.233777535918829								0.152181528866963			0.197191504767163	
GTEX-13PL7	-0.771528426910361		0.631068008730204				-0.459880193789131	-0.858602039410196		0.644834608849619							-0.0969232201632182
GTEX-13PLJ			0.454535469769699								-0.276246004051423						
GTEX-13PVQ		-0.171801192652089	-0.455915857414139				-0.210581351362639	0.748302738639513					0.587162225706314	0.208436364428424		0.0402081656799921	
GTEX-13PVR	0.176540051488284	-0.0803717853896724	0.29805974241128				0.0979240618697535	0.388821923615735		-0.544470888886499			-0.12716401384329	-0.0859336556275581		0.636492417315213	-0.0182973995011514
GTEX-13QBU	1.01168247738945	0.955938211042499	1.08989314545417				1.17294710275495	0.924779268655747	0.50789890031686				0.447062745518292			-0.438376302067674	0.516268896508328
GTEX-13QIC			-0.31289223415353	-0.038279981872579													-0.0705835648736129
GTEX-13QJ3			0.838008235998216					-0.195265089735071						0.068231576339594	-1.21610939682657	-0.163194787489263	
GTEX-13QJC			0.0674557053215198	-0.28611917654783	-0.565434123810555	0.0423842062369338			-0.147072490949354		0.551649458793947		0.033983855844943			0.611618772551901	
GTEX-13RTJ			0.624532580518635	0.487135842528674	0.803064396111496	-0.497387266974254	-0.408648495603762				0.586568934352052	-0.518074976875797	0.655806842422784	0.270587699344723		0.528836717059799	
GTEX-13RTK		0.212987171528044	1.15853401267768					0.495772032943121						0.145737780332947		-0.136296726672519	
GTEX-13S7M					-0.438479956668581									0.206403592654871			
GTEX-13S86			-0.60716529971649					0.286248150347033								-0.0493626100281697	
GTEX-13SLW				-0.00808718635432191	-1.17415311156765	0.0130374550973236	0.339171817208403				-0.190525298194276		0.25397711647233	-0.017976963291654			
GTEX-13U4I		-0.570052554395664	-0.731389308694183				0.877694911522722	-0.317447528880206		0.834032105322018			-0.0679959291104139	0.277967672880342		-0.757250313600807	-0.109458170511247
GTEX-13VXU			-0.140194314008845		0.214092696799857						0.443078667642202		0.436538897419424	0.3454418322548	0.314122268558613	-0.13047202529175	
GTEX-13W3W	1.0868228511117	0.0837671327778539	-0.276181451402466					-0.0704001353043458		0.444729297556923			0.412083721364581	0.403813339455276			-0.469325760680403
GTEX-13W46		0.74411394300436	-0.174323321701222					-0.28767285928546						-0.310667251550405		-0.661866399197801	
GTEX-13X6H			-0.328869107551133					0.295594633801515		-0.15632361068465			-0.269257149805639	0.29055899692981		-0.295265239365197	
GTEX-13X6I		-0.806171523634766		0.0334495582035334		0.088134143260665	-1.13796537046991	0.371480009377048					0.459276552815418	0.496933857577003			
GTEX-13X6J				0.778096341625457	-0.41676562205442		-0.158742374990399				0.433966710573418		1.1818015794946	0.499299179140153		0.797437330155176	
GTEX-13X6K		-0.640327497437396	-1.07037990885665	-0.134871244855544	0.607556031165407	0.500246028343821	0.568185106149983	0.0147775636462859			-0.355727347050455		-0.194130905141977				
GTEX-145MF			1.00113411569285					-0.133337450105722			0.400737993725916		-0.0744713201536175	0.233130907419933	1.1839121906889		
GTEX-145MH		0.227763347031585	0.0666166892517058	-0.154481500071297	-0.0945315393198328		0.292361924185197				-0.517475115906958		-0.475219519317653		0.794121309372451	-0.295081893662057	
GTEX-145MI					-0.568886838422643								0.171783665013694	-0.160695967555955		-0.799192544470008	
GTEX-145MO		-1.18316004525803	0.172157724936358				0.33481897981793	-0.330261748741371		-0.322515220886471	-0.931280384653527		0.343848164832534	0.0299255180580692	0.639099515883664		
GTEX-146FH		-0.0967334422130788	-1.02133121436175				-0.253044402861733	1.07389902363354						-0.227388335886604			0.368870520756202
GTEX-146FQ		0.271616080528558	-0.492607394363085					0.0173337168823246		-0.452004123951212		0.913085647741449	-0.195933669256981	0.0296944055566413		1.43356386967519	
GTEX-146FR	0.175995621139942	-1.26567419173446	0.558919049493452					-0.128655835610611	-0.302662940951365	-0.0303179336269166				-0.212515065185348		-0.4318982276882	0.716495085468485
GTEX-14753	-0.427852121595508		-0.125434762430751								0.171440799356055		-0.63360886387403	0.494712918530867	0.637593156876951	0.201438898468257	
GTEX-1477Z				0.634158030929744			0.837188144619742				0.21574825533003	-0.210981983424185	-0.248775491983281			-0.297270601879542	
GTEX-147F4	-0.181700083934404	-0.224571774942009	0.089469467736212	-1.1615689638431							-0.25943524617924		-0.176410853577476	-0.200070226665749	0.547198667834101	-0.369204689534761	
GTEX-147GR					-1.16364962523257	-0.582668280699117	0.441536734553619				0.0189566967013928		0.164346747052616	0.0349335896384769	-0.78146991107707	-0.538152642990999	
GTEX-147JS			0.814489683050551				0.0133548951049147					-0.258745876878713	-0.366150854774712		0.186878951698936		
GTEX-148VI								-0.511709368778977		-1.03694486560813				0.4352356178792		-0.431014335417033	
GTEX-148VJ			0.286261963608965				0.73254150670121	-0.278128694861531			-0.0697405002914164	-0.175812286349143	0.752569521482553	-0.433858235440522	0.485829546628383	-0.210035138388843	
GTEX-14A5H			0.627561054582277				1.16188456231182				0.137134202346685		0.585258704019098	0.0242504113397622	0.159023175492299	-0.118499454443881	
GTEX-14A5I	-0.205057782561844	0.766363688479142					-0.166050553804997				0.0457735968524862			0.569410358893977			-0.232612341648567
GTEX-14A6H			0.904407590531913					0.727886514512655					0.437095722173955	0.42006668578334	0.483688996703702	-0.3139214736414	
GTEX-14ABY					-0.517340023030098						-0.218076689848421	1.02856310698855	-0.00264970430011936	-0.326164596962529	-0.173323733619049	-0.357510961942697	
GTEX-14B4R		-0.175417419260492	-0.173803931635296					-0.321257154808718	-0.429847348087003				0.257869506634245		-0.194373208771294	-0.660557704046826	
GTEX-14BIL				0.42194453391775							-0.271813241560476	0.221372313001929		-0.403361490999562	0.149066714604066		
GTEX-14BIM		-0.640603860344105			-0.638150864039631	-0.367106790157313		0.021334431231649			-0.208626874843034			0.0234400680976845			
GTEX-14BIN			-0.164653751922883		0.230676681717777	-0.264493128715926	0.308424126113072	-0.101242464436721			0.245205481240903		-0.315361598741727	0.043132728045659		-0.52544120343233	
GTEX-14BMU	-0.126477252292098	-0.722806920155168	0.747013048475604				0.266901998195826	0.171389480205423		0.753352350457473			0.300445259091025	0.0977524442088242		-0.399776911279918	-0.219497670791215
GTEX-14BMV		0.746189460521678	1.24275034639503		0.192791837806609						-0.104107352638628	-0.92156276145766	-0.193635078638581	0.594852566586092		0.287517319183919	
GTEX-14C38	-0.167921689695078							-0.321911536665267					-0.433468124999622		0.928172714963169	-0.891171519499531	
GTEX-14C39	-0.338017168680896	1.22515087335747	0.0924747134013649		-1.79697638077832		0.390699482481419			-1.02465995259879	-0.501282900351029		-1.07871202986369		-0.228499161169625	-0.16307362840684	
GTEX-14C5O		-0.041053041389222	0.173825114091356	0.854597974108055	1.78480585222757	0.411369338270377	0.175361909690293	-0.499079187164022			-0.305545451184793	0.625924014713077	0.179551169421631	0.140869194285526	-0.223884611736928	0.440667744880465	
GTEX-14DAQ	-0.345908274218999	-0.960091284847471	-0.491920737325777				-0.658100645312379	-0.329830012488388			-0.0030539095614469		-0.830831708034269	-0.688826859907977		-0.547591583424864	0.0671358426285063
GTEX-14DAR	-0.283381468259674		0.0870767504146934					-0.174497198525073		0.260973270942367		0.060799584375167	-0.33908909827831	-0.135342818931522	0.925102392901288		
GTEX-14E6C		-0.173516765282049	0.60416773658801				0.999198486497604				0.149255135864615		0.103221498940472	0.33475867385757		0.257740600925064	
GTEX-14E6D														0.959702598328868			
GTEX-14E6E	-0.250687165944502		0.516462626978096				-0.13076852632296	-0.173615990530878		-0.513808499196045		-0.508731853695103	-0.312377094188244	0.043209648675841	0.0574464762074555	-0.096317347229943	
GTEX-14E7W		0.0302081145272525	-0.097861895729014		0.433689152616756						0.55054504452752			0.35629613306972	0.276527917870066	0.199816076809371	
GTEX-14H4A	-0.388298132562132							0.781979314210468									0.103451461328754
GTEX-14ICK								-0.569330583346233				0.646487903451893		-0.00500564209031381		-0.526072613916117	
GTEX-14ICL		-0.278939999501227	-0.134398002627066					0.433509772640307		0.737602857488562			0.0634015108101756			-0.995810236898605	
GTEX-14JG1			0.422864733770667		0.866895740360424	0.478583107900787					-0.0487437724683185		0.224606022956232	0.452333049270545			
GTEX-14JG6	-0.110009826214507		0.78947027956062				-0.433751688854728	0.738813774811975		-0.848233644857926				-0.784324809388944			-0.0275136573791725
GTEX-14JIY				-0.0120889139419283	0.00711562014531979			0.249062784556904	-0.315752553625371							0.693439684399913	
GTEX-14LLW											-0.435553574780075		0.0174931023170735	-0.029702313711389			
GTEX-14LZ3				-0.458502694283433	0.0229093694771003						-0.108139666860052		-0.0804294430850989	-0.19289055358821			
GTEX-14PHW														-0.340422510102703		-0.0515972067168182	
GTEX-14PHX							-0.773606587203669			-0.0413737917344816			-0.596865066640982	-0.203303724634979	-1.53007143295257		
GTEX-14PII			-1.30760711990922										0.100336763255485	0.326078198960621		-0.267172749589349	
GTEX-14PJ2		-0.250725142996954								0.0930490394867723		-0.477839093424422	0.146623629696952		-0.0235008671959805		
GTEX-14PJ4	-1.35579616126393	0.642230879639208					0.0488163339087948	-0.281521531623199		-0.117606056384531		-0.227856017026655	-0.112801664887185		0.807146625259644	-0.582746742685439	
GTEX-14PJ5			-1.06900640939974					0.396254707704688					0.92497120339				
GTEX-14PJ6	-0.394456708539284	-0.619147706621853						0.0477764092486876		0.725012508082129			1.10458254195433	0.293315453790496		-0.120828563339295	0.304544463500505
GTEX-14PJM		1.4407318373855	-0.982033437514241	-0.178220172295879	-1.08969208961611			-0.111155564973905		-0.235713165012987	-0.22113484836807			-0.352252714591507		0.305294483338809	0.098368209601445
GTEX-14PJN			0.28822777001195					0.181996285168198	0.207749406324785	0.205632290888275			0.346469133854281		0.417398935536698		
GTEX-14PJO				0.129806177237274		-0.438015530112359				0.157004335325621		-0.378422338721869	0.260114988311626			-0.409518194581847	
GTEX-14PK6	-0.144354660011264	-0.215690474622577	0.277356692812708				-0.164795160498254	-0.758592139084358		-0.302964922463466			0.368735105331859	-0.490711490842547		-0.0754394145320427	
GTEX-14PKU			-1.11958223005647							-0.845142572581932			-0.311388429243981			0.860352854835301	-0.212809324663914
GTEX-14PKV	-0.298255201461628						-0.271510395444809	0.150542452282686		0.45411167827049			-0.394351603805617			-0.0998300392843961	
GTEX-14PN3	0.411067086064402						0.359993006634571			0.103039767940491				0.365834594349165		-0.162682530432925	0.305906051058177
GTEX-14PN4			-0.322297405635582	0.0855897545241059	-1.55016317779602	-0.433542529002478			0.0821569509820025	-0.80229866457946	0.0175211787516288			-0.309201480069049		-0.574102731242296	
GTEX-14PQA				0.692312768309803	-0.223002185563323						0.417542920480665					0.795425003664	
GTEX-14XAO	-0.0628471171427321												-1.44472433448169	-0.494604549967056		0.391528439466185	
GTEX-15CHC		0.402530217973864							0.0696082381860766				0.3073428132978	0.616981161369275		-0.0758867844610186	
GTEX-15CHQ			-0.263585374036702	-0.729313818433948	0.236288502990739	-0.0576171375303031	1.0120407401442				0.317214709623373		-0.554732437364728			0.299958441310165	
GTEX-15CHR	0.260965744882085											-0.500486532045685	-0.447376293564724			0.122914538970603	
GTEX-15D1Q			-0.314761846147383										0.13458342166486	0.281047580058272		0.828110894012856	
GTEX-15D79			-0.390236071423752								-0.249551611208756						
GTEX-15DCD				0.144508591265435	0.376026387899486	-0.493925050162428		-0.0606268028614738			-0.353020686327532			-0.197450930778827			
GTEX-15DCE								-0.371668776352685									
GTEX-15DYW	-0.239004675165615	0.858397502301475			0.422497639913491	0.0102072403110697	0.0919781302213883	-0.692302743062531		-0.107186740648376			-0.393943372558475	-0.0907334923606481			-0.163195084326069
GTEX-15DZA		0.134607843890245	-0.981924365858991				0.349818507122483									-0.37385378589142	
GTEX-15EO6					0.34297372650667	0.0805834299594206	-0.169086848242696				-0.158701141566539		0.499267425967768			0.841662739567319	
GTEX-15EOM			0.435618263584065					-0.213458239292118						-0.291380757206702			
GTEX-15ER7	-0.969416229993317	0.0348588049971118		0.238531115192056	-0.280455801924516	1.14171260760848	0.183292344905807	0.085837745492007		-0.0923292357931362	-0.561156817762556		-0.476027024060566	0.570161520790024		-0.417166757866174	0.875991091494461
GTEX-15ETS		-0.841982904650793	-0.268874549652725				-0.588185077232431	0.703161710865581						0.34390972386612		0.00881532032865569	
GTEX-15EU6	0.743480909149057		0.275805350441546					0.835153093470404	0.118683834418423	0.502599158246366			0.130695123829943	-0.0193940908232234		0.493410103663717	
GTEX-15G19		0.945515601124574		-0.0136856925429135	1.78176441251252		0.128805570545093				0.532539961159226		-0.0541970178212332	0.349484000928479	0.180445600328483	0.21308486902489	
GTEX-15G1A			-0.0980553907240959										-0.0277792494720288			0.280810160801412	
GTEX-15RIE							0.671438987781812	-0.146849908124858					-1.34336535685044		-0.357882128432037	0.317966406595507	
GTEX-15RIF		0.100364441008982					-0.160920324010576	0.114352624627198		-0.34008355867716		0.191898074785506		-0.179410454252421	-0.332938089550926		
GTEX-15RIG													0.127206577747507	-0.175064519133933			
GTEX-15RJE		-0.305155329989272	0.215531455782576		-0.183312965314606	0.0310798348764766	-0.285409170672727	-0.931735250540412	-0.288616401423781				-0.321125009111102			0.387995212638088	
GTEX-15SB6								0.316155957804891						-0.315808429402157		0.170220348809651	0.409700050934635
GTEX-15SHU	-0.54645812089754	0.0967096921863623						0.789617564024158						-0.166081203083666		0.438613080554439	0.622233748581931
GTEX-15SHV		-0.487802758720131							0.414667377954675	-0.31804008678101				-0.113770585438739	-1.85571612000866	-0.972175809888708	
GTEX-15SKB			0.35012556437935										0.130192640037488		0.438602078419502		
GTEX-15UF6		0.396282036027091	-0.132015587656013				1.29704511635598	0.199839186104132		1.38918880262024	0.503809757337437		0.586469046576692	-0.0595210320998221		-0.356448833441773	-0.252150110034756
GTEX-15UF7			-0.156816427189324				0.222796425777431	-0.0329860948899819		-0.780768559066726							
GTEX-15UKP										0.298526275488936				-0.333210396067429			
GTEX-169BO								0.282524115440166								0.899962979524853	
GTEX-16A39								0.85756513495042									
GTEX-16BQI							-0.696845705155734	0.235250972438943					0.418867127855729	0.287850597428374		-0.792619611887227	
GTEX-16GPK			0.381791826504583	0.461967431611191							0.760610125786404	-0.950401568734038	0.179878337572915	-0.326262250984379		-0.0662012585387938	
GTEX-16MT8	0.258676300540782		0.141238034402909					0.187133889065775		0.0578568133666112			0.201910136542319	0.685287290652345		-0.700786972785228	
GTEX-16MT9													0.780313939090639				
GTEX-16MTA			0.541839584119807				0.546280614980141	0.0214198577770205				0.0958930750153031	0.0139112761220593		-0.967653387354424	0.410450756932766	
GTEX-16NPV			-0.235634513649742	-0.648620557191511													0.364166045933709
GTEX-16NPX								0.600933034824787					-0.00657269089801635	0.0472509106191471		-0.537616875737876	
GTEX-16XZZ		0.0890222454621094	-0.0315160615459844	-0.32407456185455	0.740426190860795		-0.404525325938336				-0.0953047580188005	0.109791868470344	-0.582784451331007	0.0360783324186628	-1.75289487552075	0.767153116223435	
GTEX-16YQH			-0.18222013074553	0.549968156898469	-0.300788530086145						-0.0875964867763325	-0.186435098487235	-0.10507141283245	0.541260219987491	0.605218032993887	-0.355334572746041	
GTEX-16Z82				0.0804046636090143	-0.461001363420274	0.156097452993618	-0.574876257078193	0.063559072142512			-0.004889410784884		-0.290957692473198		0.185743459655469	-0.387800104288653	
GTEX-178AV			0.0249393697595463					0.0840475401373411	0.054561598793206	-0.626465763252037		-0.46081990169226	-0.00229742518291258			0.613766390249259	
GTEX-17EVP		-0.162754300321642	0.19814980149339	-0.606364140781048	0.659558522942063	-0.0267821891877048					-0.184929123160407		-0.0328381942815208	0.579791679847721		0.545839708914337	
GTEX-17EVQ		0.170023258304259	0.891821265414058	-0.0578527034426367	0.111858872391117			-0.533303190532327			0.222464033142932		1.13324415396695	0.157322705946117		0.470797429495426	
GTEX-17F96		-0.702059684759472					0.923062695422836	0.243662926435511					0.129133211454249	-0.0651523943693801		0.541260702528536	
GTEX-17F97			-0.139799288764149	-0.213966401098211	-0.0127698828205014								0.0698998334074654	-0.327376795307651	1.33589431819385	0.42632462336948	
GTEX-17F98		0.0337712378842315	-0.680042406167887					-0.317810551371969		-1.08550223922808			0.303726834735589	0.70034508341277			
GTEX-17F9Y			-0.236438160423348				0.398520361117315						0.268822647805461			-0.726544735371736	0.213478127577079
GTEX-17GQL		-1.10162916306958	-0.455926978331146				-0.0700716634156836							0.094627795876442	0.530060903803263		
GTEX-17HGU	-0.0382485810064338		0.656156685801011				-0.697208451345541	-0.0650955863742001		1.17969426241734			0.286701648897144	0.616294075301559	0.0500164108703705	0.989023003413912	
GTEX-17HHY	-0.799937824994637		0.211438394756347		1.34129005340271						0.161245384664158	1.1156324953291	0.070234022755477	-0.0327619797520859	1.41312272072094	0.361517914214444	
GTEX-17HII		0.491441169082097	0.412369384534443	-0.250482788864649							-0.200493108371728	0.317219523552914	0.180730407865531	0.203829333255755	0.723374847367511	-0.312470594641337	
GTEX-17JCI					0.432102022638249		0.43762001473211	0.492926526585115					0.276290044091742	0.606135266095979		0.355284433637915	-0.0444029792867644
GTEX-17KNJ	-0.218050581243749	0.952783013352684	0.0945942404637462				-1.12955504731776	-0.389981812927164	-0.0274715942678173	0.0768235583408096			-0.207152733048335	-0.156627233369792	0.275521429603945	-0.579613992398517	
GTEX-17MF6		0.0739524366884949	-0.489928666312724		0.141038925874324					-0.199314782417541			-0.455339426130858	-0.529266753850717	0.177533049263637	0.0668975863368017	
GTEX-17MFQ			0.643522512252508				-0.0712115000162014	-0.0868905725528452	0.490671478697993			0.024264063327318	0.0586121611327815	-0.252838460102964	0.387309459338214		
GTEX-183FY			-0.65080037090344				0.165730520959557	-0.764688748894004					0.225338816158203	-0.019234815400827	-1.08563571340707	-0.705441756714664	
GTEX-183WM				-0.343584620780618	0.238843616777134		0.572512401588429	0.11437801627415					-0.15856386819534	0.0443502077398844		0.183509538452681	0.0475253041632171
GTEX-18A7A	-0.119430079375781	0.205456269558808	-0.0366461914494979					-0.126884996183964		0.362504580048402			0.0406538167718864	0.0976583095562436		0.0124217724359886	-0.123887185744786
GTEX-1A32A			0.453757921383642				-0.0112560634912359	0.0814884903157599			-0.54004134281317		-0.0708172940113205	0.240073009164558			
GTEX-1A3MV	0.194467407307063	0.635832448425545	0.847511016608186				-0.204305944302875	-0.365034231228181	-0.488863789989414			-1.08788430749718	-0.793539011838256	-0.342356272301748	0.235047154171083	0.684344422156334	
GTEX-1A3MW	0.824966260063062		-0.35056178898975							-0.749924472905113	-0.0177577803449382		-0.256597200531423	0.0797470918593087			
GTEX-1A3MX			0.0985988862023946			-0.447193388318119	-0.0324136182384095				-0.18518605098587			-0.36886393670112	-0.493571364853019		
GTEX-1A8FM											-0.927704994082017					-1.01057765693711	-0.652348711657255
GTEX-1A8G6			-0.518449813705801								-0.472468348923666		0.127662645050017			-0.30003158830529	
GTEX-1A8G7			0.177447844020389			-0.163446767392728					-0.0486339751769455		-0.136812137758619			0.33287121494745	
GTEX-1AMEY		0.279676747759485						0.371208548568625	0.393081762004744				-0.235566089434397	-0.0250630128791884		-0.570399513312291	
GTEX-1AMFI	-0.144834295668702	-0.405899789782546	-1.12074068702427				-0.016450408854881	-1.39356949274733		-0.740032977214296			-1.16941274980179	-0.928880529521583		-0.675890666304986	0.27539769056064
GTEX-1AX8Z	-1.1634240241033	0.549437303997821	0.187250268777147						0.475334017373727	-0.570900664348204		-0.278029179812111	0.131704739547552	0.145756684595627	0.122380438920014	0.452447608091436	
GTEX-1AX9I		-0.139151076068933						0.540488659112139					-0.397330901664197		-0.243424488403765	-0.138376315788556	
GTEX-1AX9J	0.555246670687123						-1.01572048731948	-0.304288289151104		-0.449019506503974		-0.202939923497975	-0.248969711764828	-0.596767614692627	-1.59101333907767	-0.821855093625988	
GTEX-1AX9K			1.25534596132445				0.105265185048385	0.711111896924351	0.341567113601764	0.0844681109814804		1.17545828083597		-0.0612581297038685	0.427428258635542	1.07418975985228	
GTEX-1AYCT		-0.0409330176219531					-0.0914649827868579			-0.0310784108622886				-0.0764810348437656	1.30554237814723	0.319250098562365	
GTEX-1B8KE	0.69679813611616	-0.451129098565157	0.361970525829605				1.05186330200771	0.484133736527188		-0.0697435437861237		0.466982202616366	0.146952422905877	0.212944838289712	1.08152217836395	-0.533226128777371	
GTEX-1B8KZ	0.891956908068529		0.923199456177962					-0.152737831739713	0.343020067653042	0.577718940046379		0.1649033909284	0.89875401027604	-0.163940030653264	-0.473648592252656	-0.171714045606885	
GTEX-1B8L1	0.900911328837475		0.245636884614297				0.501029311744362				0.0879842763917623					0.615505262181783	
GTEX-1B8SF			-0.335513120417185						-0.203966877479485				0.57262509464768	0.0490074808422819	1.48286427130081	0.608445586488962	
GTEX-1B8SG		0.413599098282439	0.378242669256042	1.49371321483453		0.689171380535014					-0.419499082522123			0.181446527197341		0.0801131579972834	
GTEX-1B932			0.467910103444389				0.326541882600483		-0.258545625583377	0.0100476578783709			-0.319914434316783			0.10130715200833	
GTEX-1B933		-0.219035870499907			0.761363421272806	0.972370038666065		-0.0245852782585692		0.918598709160176	0.559840445526032		1.0394685069951				
GTEX-1B97I			-0.423332506903369				0.720446057976943	0.368353373243228				-0.143014874822431	-0.38759920159057	0.319831481427716		0.771312743640855	
GTEX-1B97J									-0.193934058227485	0.206884853814343							
GTEX-1B996			-0.724910518612568	0.41888772859858	-0.566136392950926	-0.505675716153678	-0.31129000463526			1.56376669505961	0.0131951858325744		-0.0965008503175164		-0.307141713995319		
GTEX-1BAJH	1.51340657202868		0.578722626017652				0.147979857537026				0.0642073693631544		0.636838633285796	-0.152793380666762	-0.523375954143572	-0.410666588544709	
GTEX-1C2JI		-0.733431803607693	-0.289429112553656				-0.161746718399588	0.594271866491935		0.956778826374601			-0.0729514605617552	-0.0824197908220128		-1.44240980052864	
GTEX-1C475	-0.270094941607983						1.23324155691423	-0.637380842653963						-0.32768681427116			0.759969778742279
GTEX-1C64N					-0.86808670604752				-0.0228500664304685					-0.661092073890662	-0.412845854185335	-0.0681953628830868	
GTEX-1C6VR			0.188502101237258											0.381438608735419	0.695634801560343	-0.21069081893219	
GTEX-1C6WA											-0.149656511342289		0.839255024447236				
GTEX-1CAMQ			0.533640778719095											-0.15973941947556		0.119962364823326	
GTEX-1CAMR	1.2206923703272											0.673774953020651		0.13039999430225	0.123847600995013	-1.61974790309485	
GTEX-1CB4H													-0.121245140595217			0.721942411661717	
GTEX-1CB4J											-0.076560875782805			-0.253340704624224	-1.33316260289356	-0.035349424678331	
GTEX-1E1VI								0.170325300756036					0.574754918432997	0.303260160582181	-0.561562972798193		
GTEX-1EH9U								-0.340292835239859	0.534506669052815		0.092249991461398		0.33349774771063			0.017031893720275	
GTEX-1EU9M		0.476549137120908						0.731052323797054				0.293305776821869	0.87324805196417		0.720554684965787		
GTEX-1EWIQ								-0.306087100896733					-0.208387733645929				-0.469675010983988
GTEX-1EX96								-0.119582630031487					-0.415438667600846				
GTEX-1F48J											0.36227806216026						
GTEX-1F52S													-0.375400792277182				
GTEX-1F5PK								-0.177396404411366									
GTEX-1F5PL	-0.715260171448972									0.5739011137018							
GTEX-1F6IF											-0.315181164436433				-0.881738582258561		
GTEX-1F88F								0.231549077392366									
GTEX-1GF9V											0.644390381897926						
GTEX-1GF9W											-0.134229860650398						
GTEX-1GL5R								0.541045954665047									
GTEX-1GMRU															0.640447717380999		
GTEX-1GN1U											0.673677181873161						
GTEX-N7MS			-0.174541942499604	-0.208096573521036	1.35272967250886	-0.593313585682793					0.184831749608631				-1.18256464297549	0.191155324964157	
GTEX-N7MT		0.272448838524551		-1.09577673263511	-0.0143326174732443	-0.644611325657299		0.0606966170719293			0.284099470938174						0.308772847423966
GTEX-NL3G																	0.815721993611274
GTEX-NL4W				0.269199670707532	0.00654344811271534	0.386890838981116											
GTEX-NPJ7				0.668472705300579	0.730324410189871	0.634521175964848					0.379127441876112						
GTEX-NPJ8		0.134672729085626	-0.322942430690264	-0.566442713138144	-1.0365228750646	0.15058210232043		-0.27076686837297		0.0497249890807317	-0.918981171463726	0.552646347976805		-0.0957266943304453	-0.79213695250791		
GTEX-O5YT	0.386214227587246	-0.345658846370972	0.775467147199247							0.566133026423537				0.175390400978696	-1.48150968403341		
GTEX-O5YV	0.139593974873569	0.295531176192531	0.716619173009013					-0.253247127554581									
GTEX-O5YW		0.933007263099844	-0.0632899384144008											0.177030073514179			
GTEX-OHPM		0.798318288769738	-0.225879567335586							0.532606158761624				-0.347548564488907	-0.558252536492666	-0.191641887501152	
GTEX-OHPN			1.046786408594		0.709390281292042	0.384502278336445											
GTEX-OIZG		-0.673770086901126						-0.570729214608166						0.0269838879720321		-0.313730441735833	
GTEX-OIZH	0.603039236906148		-0.484595887887944					-0.682575166602124				-0.597808890515097		-0.022884264397735	-0.936447421620796		
GTEX-OIZI		-0.177988177804465	-0.15052374891055					0.464578327417382							1.0420157596086	-0.164469162536055	
GTEX-OOBK	0.0333355061276738	-0.257640692042798						-0.397628526006616		-0.654541596425961		0.218586796687917		-0.0494360096453418	0.142921153476743		
GTEX-OXRK	0.986513077478639		0.428005954854723					-0.0666119087730082						0.0706570183527149		0.0583388557291171	
GTEX-OXRL		-0.518145428608933	-0.428214225392435					-0.263955579978009						-0.153258857007076	0.754693862069066	-0.510586767927476	
GTEX-OXRN			-0.112368704418782					0.338404945296747			0.476328732541056			0.609868756318991			
GTEX-OXRO			-0.864623676839655			0.0858234403050959								-0.293189564614385		0.0992332175041433	
GTEX-OXRP			0.639246617388536					0.0876474179709225						-0.443238769645946		0.338069614713366	
GTEX-P44H		-0.925841578116237	0.289283145058531	1.69285112796347										0.111988944497973			
GTEX-P4PP		-0.14348591835621	-1.12272206014124					0.0855703408415273		0.142629793030854				-0.908757629487755			0.197084318979913
GTEX-P4PQ		0.15817249229741						-0.526142784698663		0.243961521607233				0.139277511631471		-1.26424705529036	
GTEX-P4QT	-1.01849462563177		-0.635361202978804					-0.0815864327043012						-0.0539570962224458		0.346423896812167	
GTEX-P78B		-0.508889919002411	-0.482240000738415					-0.420332232840671								-0.262781328984566	-0.457689023960015
GTEX-PLZ4			-0.143188617006492					-0.394687590684364						0.113696133981382		-0.180314309390253	-0.120128433259478
GTEX-PLZ5	0.573206152368889	-0.538528781174711						0.988149507488964						0.215786432827205	-0.224983883564551		
GTEX-PLZ6	0.290926181734484	0.0653899073443322	0.444747454651069					-0.256166842843558		-1.40890063662412		0.367671308389534		0.138241344249277	1.40473809886299		
GTEX-POYW		0.618146072712601						-0.0302024412061394								-0.241690423303601	
GTEX-PSDG		0.267728048792113	1.02592935677859					0.158525001323218		0.748531877897523				0.481720401703652			
GTEX-PVOW			-0.744902590940796					-0.45421445866125			-0.469347914100957			-0.130244039395486			
GTEX-PW2O	0.204921531583303	0.287294747561742	-0.198072964737847							0.60163525006017					0.969498126655778		
GTEX-PWCY	0.0827601371061851	0.407501881640053	0.225063111550375					0.186576070304875						0.404636900913184		0.397361359413579	-0.286246570962124
GTEX-PWN1			0.313530430611525					0.649682719330173								0.516723553227503	0.197843176555721
GTEX-PWO3				-0.462283436756738	-0.422400339045732	0.0246887399086708								0.167087721057862			
GTEX-PX3G	0.0243829877040942	-0.771984095628274	0.0900537114762109							-0.521406221904358				-0.394140038625336		-0.818057376940784	-0.299976645231466
GTEX-Q2AG		0.896035487543269	0.420933907898993	0.553402465866548	-0.221007876355038	-0.901852916917351					0.0639416906007053			-0.173361715863274		-0.0201517638097188	
GTEX-Q2AI	-0.949641088084127		0.496461965608115					-0.852664575875649		0.634775427097723		-0.46917073131088		-0.121210232663949	0.657214077255298	0.0364407161478453	
GTEX-Q734	-0.622846744973645		0.670864848093271							0.307297632833378				0.17921822338082		0.352546474835839	0.102611498015067
GTEX-QCQG	-0.382750339787911	0.810536572342993	0.223058353129969					-0.149725266951469		-0.176117040109271				0.017495713992467			-0.218748319352649
GTEX-QDT8		0.153337002940357	1.12466116067583	0.32634559886532	0.617161919052007	0.201426995803198								0.233386620852947			0.0079189139610972
GTEX-QDVJ	-0.0965897239300589	0.16650931089493	-0.00606977443165915					-0.298798262210491		0.219035652698325				0.142181952286687		0.214263080846617	
GTEX-QDVN	-0.238864278956013	0.644518527396918	-0.0916386427123201					0.290123898895265		-0.281484236125182				0.0415661305307967		0.209913968735973	
GTEX-QEG4		0.463581252888756	-0.772109391351876					0.585603105742028				1.04881963923603		-0.0454494949762374	0.443518993820799		
GTEX-QEG5	0.864886786200273	-0.0916579871962323	-0.840783795171829					0.0437912813891656							0.0750392821473323	0.044468859579741	
GTEX-QESD		0.265893569931812						0.636573133199265		0.306936159423032				-0.356512439704163			
GTEX-QMR6				-0.471569585962493	0.00644137147183157	-0.170224517855771											
GTEX-QMRM	0.319188358047893	-0.438614978248929								0.267619255412053		-0.0302855518160558			0.711752337760096		
GTEX-QV31		-0.698900338003014	1.1219001242628							-0.399389059497506		0.707004227092539			-1.44461086322544	1.14155217148519	
GTEX-QV44		-0.158800405898509	0.457208680036282					-0.405681561984216		-0.320817019683621		0.0920445183831425		-0.652835683546606	0.514781622232313	-0.368261663433956	
GTEX-QVJO		0.790767680361114		0.606750839539722	0.44365159673869	-0.103626946299661					0.419916646261253			-0.0499541495532554			-0.048906398841022
GTEX-QVUS		0.291833993336518		0.496587327707448	-0.986210907155318			0.337809466746927									
GTEX-QXCU		0.699866571634294	1.42441230600983													0.554409768024696	
GTEX-R3RS								-0.509336247410317						-0.382538015752063		0.122065889408551	
GTEX-R55C	0.560219155429911		-0.0518088716960194					0.156158810086499							0.763753078154663	0.509775483674063	
GTEX-R55E		0.0293303291274385	-0.829019426290918	-0.262071618835718	-1.08046024087777			-0.374623222609837			0.556292393943201			0.419621532897643	0.390438566764484	0.339000294154042	
GTEX-R55G	0.212947825099563	0.0888348026503993						0.607579957959604		1.84778551950347				-0.0373184930385988		-0.493704545659489	
GTEX-REY6	-0.088300567691378	-0.106895391159873						-0.243956521705616				0.592480371873145			0.139568863586351	-0.417265681234978	
GTEX-RM2N	-0.673409368321079		0.703192263033333					-0.306937820288469		0.581666476772689		-0.435030172986627		0.366150852573695	-0.314510692729867	-0.312373469341426	
GTEX-RN64			0.0771636139841682					0.173146106661522						0.130771699402169	-0.878587140066562	1.17986198038554	
GTEX-RNOR			-0.317285942951021					-0.948736515194559			-0.115808581110946			-0.0664790041661371		-0.629214079940077	
GTEX-RTLS			0.0910920868669766					0.104982462340136						0.519035049599166		-0.820261756052022	
GTEX-RUSQ	-0.649129732133886	0.430504983674669	-0.093068661623144					0.902954785720431						0.0123765838599368	0.122125987250243	0.304589129141865	
GTEX-RVPV			-0.404303297431333					0.615072514047791								-0.698299597189401	
GTEX-RWS6		0.0984782039932796	1.07905355643943					-0.153657952578612		0.653130789583135				0.369637817905852		0.72324671560905	0.0917045496521554
GTEX-RWSA		0.219310021614102	-0.236851372302211									-0.0583774794452383		0.494635286588887	-0.206532035601871	0.379693547956009	
GTEX-S32W	0.0110095531192719	-0.0717274040692719	-1.17190780921331					-0.237449351299355		-0.580654024715614				0.264808870980749		-0.528436116824548	
GTEX-S33H	-0.100752617100787	0.053846270270858	-0.8705421880332					-0.218602957964992		-0.877109223247099		0.16704287896578			-1.37468506693477		
GTEX-S3XE	-0.292888514463808	-0.910419696162836						-0.0622273787139298		0.411296534397416		-0.29574045363018			0.841606218976428		
GTEX-S4P3		-0.0959414308715842						0.125964828219181		-0.710228943752231							-0.291216567827432
GTEX-S4Q7	-0.729154479958423		0.36336348975903					0.464182097357265				0.0135717220215205			0.256936595231608		
GTEX-S4UY																	0.00502889347219033
GTEX-S4Z8	0.58574105035936	0.63024958418245													0.205619274640144		
GTEX-S7SE			-0.325485244443494	-0.851326513787099	-1.10472410416486	0.472769252440838								-0.374968635872651	-0.21042035196938	0.2462257067328	
GTEX-S7SF								-0.604341024120207								-0.449064914988123	-0.328576854724899
GTEX-S95S		-0.461180201293373	0.0980416798387692					0.507332754568335		-0.404117558607646		0.632857240911502		-0.242202709204966	0.457483624015133		
GTEX-SE5C								-0.116427212722441		-0.898678312842818						-0.031808898161558	-0.404467857716763
GTEX-SIU8			-0.362149354014234											-0.523163530683588		0.562455561172437	
GTEX-SJXC		0.161610705936835	-0.824528658634881									-0.114581197189522		-0.413136124658248		-0.0777846167227696	
GTEX-SN8G			-0.624460439491383											-0.546201348021669		0.342728929755328	
GTEX-T2IS			1.18009489638186		-0.567267208494998	0.0591315682524844		-0.181799996979743			-0.305563594038053			0.35730705354778		0.461651557319669	0.597891217244512
GTEX-T5JC		0.0263292753641355	0.346160901688535	-0.586677874085833	0.126560901026644	-0.138421035570838		-0.065410575337781			0.410712280580302	-0.910203361618614		-0.331515972048932	0.844445977011239		
GTEX-T5JW								0.26343710570921		0.45315006333503				-0.217645312209986		1.33978093942083	
GTEX-T6MN		0.830943213934032	1.26382932393568	-0.170444466017874	0.214716503701178	0.376943093641208					-0.302381034567531			0.143481054130816	-0.114198505225383	-0.984017248422314	
GTEX-T6MO	1.60594092089759		-1.19514780355788					0.461595789015847						0.575269856694547		0.280369235781907	0.097837768430473
GTEX-T8EM		0.855209187582779	0.605844440574768					-0.0775707700375462		0.224254768431155		0.344385557162741		-0.510937150754211	-0.594381573258683	-1.1421537912044	
GTEX-TKQ2	-1.08795688125953		0.624065974864493							-0.152890861338374					0.365996074317127		
GTEX-TMMY	0.206196111371504	0.349285593437055	1.0034580489998					-0.188255443984826		-0.0537314314171551				0.414467918807011		1.05861282782079	-0.0423396087282364
GTEX-TMZS														-0.371540769112455			
GTEX-TSE9			0.982550216058238	-0.779003507073467	1.09440235943848			-0.402624794690143			-0.25046417828026			0.790254705376214		0.515411814541915	0.365776103492679
GTEX-U3ZH		-0.881864139925044	-0.586190277288651					-0.247561377994602				-0.271214195110465		0.0779385296597167	-1.8281337775544		
GTEX-U3ZM	-0.25401393488989	-0.14086060410997						-0.62870503859193				0.543643359079575		-0.11091978851085	0.542382742726509	0.121821165594918	
GTEX-U3ZN	0.162783280600457	0.260135110112134	-0.546060271402877					0.0371874348544993						0.229663517541456		-0.301604264700061	-0.90254581620723
GTEX-U4B1	-0.604687847488022		-0.441715568685156					0.612439941365339		-0.59440056048921		0.410262007761594			-0.42879931356969	0.0276606248144557	
GTEX-U8T8			-0.00477594391078361											0.547290540761882	-1.07341177410451	0.311504806709292	
GTEX-U8XE		-0.449329559665041	0.384792384016734					0.362231704769526		-0.0164612063477854		-0.530863808022336	0.558805385676744	0.232539527563196	0.136945774712387		
GTEX-UPJH		-0.314502941397799	-0.538144034692342										-0.490927733618693	-1.15896174125824	-1.30675433521617		
GTEX-UPK5		0.286051409791209						0.679708279954091					0.0397391518519303				
GTEX-UTHO					-0.921250482208083	-0.221226619076122					-0.26154435415048	0.0380306382473678					
GTEX-V1D1	0.136431022996417	0.934079222212454	0.482146933807708					-0.0343776923700871		0.0745172242574699		0.861549774988681	-0.0160228502151833	0.627380852660193	-0.396490974905831	-0.234120503070376	
GTEX-V955	-0.349716287765875	0.365909683465612	-0.576572113962557				0.386575962653586	-0.362616916046944		-0.0507089035157093		-0.398160122661635			-0.338691100637226	-0.160849252938637	
GTEX-VJWN			0.438725775403699											0.744321469809016			
GTEX-W5WG	-0.517122064500264		-0.222993627803664					0.653582830296676		-0.581499936513023				-0.152112718701252		0.621266250005956	0.326082890233492
GTEX-WEY5			-0.264210238514886					-0.502344971203362					-0.218299931638402			0.646989541972182	-0.242811205138772
GTEX-WFG7		-0.185198436431704	0.194397754426591				0.267683451939389	-0.150039517711606		1.02699746294182		-1.0395979356858	-1.01176103004075			-0.398863157667843	
GTEX-WFG8	-0.816204414377533	0.114178029666436					0.464412646106076	-0.358211804116994		0.641961762595502		0.600133358140536	0.154933524486946	0.271229430195161	-0.456342471194258	-1.20002097346179	
GTEX-WFJO								-0.632182829003916	-0.247305203053883	-0.591817835555322						0.809563736407692	
GTEX-WFON		-0.284551147742378	-0.06284292360844				-0.537452707762594	-0.716179561435249		0.0335337158422913		-0.607546021953166	-0.281794863730517	-0.444563746549773	-1.09477392244514		
GTEX-WH7G		0.492442703005779						0.460598349037149	0.93389871867458	-0.623361926208306		0.579231973427725	-0.150759747794282	0.0840155979533368	-0.358613839856533	0.80319293373589	
GTEX-WHSB		-0.684484995466422						0.167292847142869	-0.271709465317081	0.466325935862957			1.00257185103608		0.730850096822459	-0.699922194265753	
GTEX-WHSE			-1.07726258492936	0.378715752992321	0.160952308481173	0.0312973338810202		-0.486630975909598			0.00239866591083012		-0.883054312780929		0.368307714248426	-0.662013056583692	
GTEX-WHWD		0.151829798124139	-0.571435264153277				0.410914263889775	0.184124741361148		0.0694556316760353			-0.0514885116500787				
GTEX-WI4N							-0.594677417352676			0.200671123835598			-0.0932199079628561	0.377587750936378			
GTEX-WK11								-0.565731753935028				-1.25819739625675	-0.768634150153879		-0.758082669813617	0.0675800350362098	
GTEX-WL46			-0.551069627361938		-1.36779202940229	0.125199372790816					-0.529558149869717					0.347137276785945	
GTEX-WOFL														-0.330861127966644		-0.394179405952033	
GTEX-WOFM			-0.178402585388299					0.179803186330418	-0.415495772380671			-0.837121435836889			-0.360403140162508		
GTEX-WQUQ	-0.238812348027398	-0.332383090102049					-0.52913133924444	-0.56554627762743		-0.730163447331181				-0.12943028505413			
GTEX-WRHK			-0.38518534797735				-0.0130080732783068	-0.801695429587771		-0.241072329073262				-0.522300167118016			
GTEX-WVLH				0.140732289953493	-0.12669580251115	-0.0812535337432574		-0.40455871134509			-0.24537521234582				-0.305271281135857	0.536584848501139	
GTEX-WWYW			0.205618096975494	0.713179240177557	0.419438149809975						0.275240872128497					-0.0204695229470339	
GTEX-WY7C	0.59138343274656	-0.713859785485986	-0.254500670605443				-0.689738536447957		-0.39835609408879	-0.67057029744559		0.190398819579285	0.0243364491997206	-0.0292413238703538	0.71028942763505	-0.618867501003833	
GTEX-WYBS			0.873042490942237										0.00588129614805735			-1.07336411558129	
GTEX-WYJK		-0.620492031789033	0.175261967214152					0.0943566486123065		0.293229749969975		-1.54414745492147	0.451575171784405	0.0480935121142931	0.153991293515118	0.111382202135622	
GTEX-WYVS	0.012917953129425	-0.358794628258963	-0.398050101194222				0.485851711412583	0.45714377977261	0.124616743821424	0.437347741164073			-0.733491462066906	-0.397278881870743		0.535043598567432	0.230864877314155
GTEX-WZTO		-0.324661559889656	-1.00809523155606	0.539987148087393	-0.24309136146368						0.388172060894169	-0.361395214199664		0.308082770373173	0.273763939660528		
GTEX-X15G							1.00562772909876	-0.537807318234684	-0.434864148474778	-0.306688942249308						0.610012910520688	-0.186400637487221
GTEX-X261			-0.399703947714817	-0.571844191004155	0.50430038724692				-0.514567087231837		-0.449056286052243			-0.330088308205606	0.852915442213066		
GTEX-X4EO		0.467377879956391					-1.2061656534729	0.481370981287045					-0.277228094872947	-0.499134515644675			
GTEX-X4EP		-0.0834024943985556	0.250119218255998					0.317772512280599			-0.0864887528609966		0.376810210778229	-0.349837978013896			
GTEX-X4LF	-0.384767657885113							0.69311389095965		-0.46811556283052						0.38704548332204	
GTEX-X4XX				-0.159151733140121	0.0916670886738971	-0.0515826915627166								0.0207154888168058		0.435104130168149	
GTEX-X4XY		-0.678110625949298	-0.312802854503291	-1.59152422659069	-1.24596069431778			-0.452245574623636						-0.491113376907304		-1.03338567420178	
GTEX-X5EB			-0.536877375309385					0.0146969900604743	0.188038782174996	-0.235423485144721		-0.101404858655149	0.201221372206404	-0.35070152870918	0.950806583700216	-0.365897278535883	
GTEX-X62O			0.0133977811121037					-0.437552610811396						-0.00434507621132693			
GTEX-X8HC													0.307223163837768	0.475706020896646		0.8674241253244	0.293605259253036
GTEX-XAJ8			-0.289470503131646				-0.0228446524279622					0.83870239811474	0.31449038744054	0.337677126378551	0.242523445111912		
GTEX-XBEC			0.59330718394633										-0.917994360533231		0.147274527431207		
GTEX-XBED		1.63937977850206	1.06568744646782				0.256583196466386	0.414084513474557		0.2136549610684			0.107062682365886	0.0653938497639854	-0.581038177588456	0.701862219939076	
GTEX-XBEW		-0.0451152603579434	-0.128503609911679					0.128498393676163		0.141715496346647			0.32879752045166	0.0495705609371159		0.277904374315793	
GTEX-XGQ4			-1.32758372414795					0.671442364425147	0.126115811605281	-0.17039895306486		0.678833467709819			-0.746223520831965	0.321521681506639	
GTEX-XMD1				-0.527264500092565	0.318465464894579	0.0376969668822477											
GTEX-XMD2								0.0633499221533317					-0.428404187153469	0.0598434579774177			
GTEX-XMK1	0.108705214493646		-0.138047601825371					-1.23388307282113	-0.416032510686513	0.55713026757095		-0.505765625405443			-0.579546808658952	0.48053396659863	
GTEX-XOT4			0.623356979509422										-0.826984290624205				
GTEX-XPT6		0.0625303921167885	0.304539741733033												0.895508425933496		
GTEX-XPVG			0.113403225390037							-0.979173969899577		-0.813519800731129	0.332918057237578	0.280333055788657	0.674496869125885		
GTEX-XQ3S	-0.42528074854232	-0.43763548913899						-0.168802451554226				0.240766461068265	-0.450629763403423	0.0425092333162908	-0.0599959101370551		
GTEX-XQ8I		-1.12675887568203	-0.476756858345495				-1.09375548096974	0.853253924949696		0.357262431293408			0.869302109686524	0.500722617962489			
GTEX-XUW1		-0.351920721521092	0.11239477807561				0.179580370759018			-0.240086766448045			0.183938883972657	0.280049294477443		-0.711053053893041	0.502635199088288
GTEX-XUZC	-1.47146558142406	-0.410475656962582	-0.340299045890533				0.430409226702001	-0.0470949930324707						0.909820163999056		-0.222411178829189	
GTEX-XV7Q	0.4972867900794	-0.525035764816087					0.274728335253469	0.608338739956579	0.415495772380671	0.0909928127686036			-0.113296754984535	-0.167407755694579		0.144259991420072	-0.250399887178251
GTEX-XXEK		-0.479399286940078					-0.454308706012487	0.273014167644326		-0.572889752570897		-0.0636213399474353	0.379987634415301	0.171156578731617		-0.650390283938697	
GTEX-Y111			-0.198382731437048					-0.083534097377029	0.240583110857598				0.0860662992059318	0.669977858107718	0.292755242083422	-0.163905616873198	
GTEX-Y3I4		0.799901752557174					0.0990516021400021	1.02871106797872	-0.983945051053205	-0.183327280628817			-0.294850277659805	0.274135516340734	-0.12275646035934	-0.353599160880223	
GTEX-Y5LM	-0.186777113325497	0.194505152203508	-0.239982690863589				0.396806532005314	-0.27611481066696	-0.0723608910821559	0.183819896702151			-0.615882993651391	0.422336008268109		-0.204623974404292	
GTEX-Y5V5	-0.124662956108985	0.210251105247996	0.0372332718794192					-0.148794839935213		0.101503083774985			-0.0456212771491511	-0.00265367354179452		0.392388414650586	
GTEX-Y5V6	0.49865651808598	-0.436350518038429	0.194111112476883					0.434363512936971	0.0595695992822011				0.856917718363957	-0.370422483217265	0.620038959803661	0.35200815865922	
GTEX-Y8DK			-0.186102538279955		0.882614357612562									0.504003374190064			
GTEX-Y8E4		0.497826761456189						-0.534980795066259		0.599915637740029		-0.295284875665602	-0.209905408314815	0.457752963436525	0.667925886992783	-0.0978895980090891	
GTEX-Y8LW		-0.22549930825628					-0.0846415543202987	-0.213591543929434		-0.293715910838346			0.211260597666927	-0.059811076204847			0.414434563196561
GTEX-Y9LG	0.38382892487183	-0.673038273233862	-0.149806028703301				-0.303611313455057	-0.736243588189757		0.0914442275770989		-0.3916868013833	-1.15244988926267		-0.273953169501535	-0.490586485566693	
GTEX-YEC3		-0.200303225973138	-0.628532451211267				0.974138368886352	-0.0245006955825992		0.179873065217004			0.256267093761942		-0.619724112498842	-0.927676028087138	
GTEX-YEC4		-0.209217606999893	0.210840181146115					0.100888593394297		-0.97906271579664			-0.0418552475449078	0.337362450222847	-1.0593471686329	0.214127812037177	
GTEX-YECK		-0.0570923518480996	-0.373442462037561				-0.269630192404133	0.0812251153515588					0.127770998418608				
GTEX-YF7O	0.390982708345001						0.296825261571811	0.377649173570857	0.248760681415913	1.18693323558487		0.94554513817218	-1.58359174529691	0.562214137850512	0.58366585393797	0.590860012743027	
GTEX-YFC4		-0.120961693338016	-0.898574472817093	0.168931454897414	0.0228317434643217	-0.324100317748046		0.322336040330459			0.0422367075720725			-0.00810387625367548		0.191729876773181	-0.435675577864029
GTEX-YJ89				0.849581722520092	0.666814125491878	-0.144764514573016		-0.216523656476878						-0.181078546432148	-0.464128740161117	0.618904330212411	
GTEX-YJ8A			-0.038899065053072				-0.370886103172908					-0.0213684101471693		-0.35513856744993			
GTEX-Z93S			0.284721352931456	0.143851910318153	-0.214637004038688	-0.294531371368863	-1.01529352977461				0.76387012382616		-0.409641468400627	-0.134708826904716	-0.656766126716642		
GTEX-Z9EW		0.436612423139504	-0.450539765925054					0.01801504231239						-0.103788353110568		0.289943477837353	
GTEX-ZA64	0.0392732977037094	0.474626365136476	-0.218975739542662				0.506922156663818	-0.0651314356045473	0.169507839141435				0.576008598576859		1.15100233202967	0.169975245055484	
GTEX-ZAB4		-0.435665707967128	-0.217575756814849	0.0543565357192573	0.907551671118347	0.268930178656458	-0.0781033553479044	-0.466373822727304		0.0989202938341105	-0.448294718462766		-1.01166705055149	-0.0963188322504643	-0.177543638939172		
GTEX-ZAB5			0.062483601141744				0.3003267092135	-0.201134317300275		0.426406278298835				-0.138182751432587	-1.32960500528473	1.1343960846905	
GTEX-ZC5H		-0.107970352123569	0.421013113601949				-0.52308634336908	0.261603144992794	-0.120104164789769	-0.456521361388191			-0.648250504489774	-0.50327128195706		0.266195444843137	0.369500334926531
GTEX-ZDTS		-0.295599501544395	0.673062751069258				0.561759003712329						0.206091533208371	0.294403853955458		0.421840167645713	
GTEX-ZDTT	0.356055105769121	0.720853301035609	-0.250333042186654					0.397757064952656		-0.0768387567202684			0.162480647763114	-0.345538333374859	0.423046232897527		
GTEX-ZDXO		-0.533376942234373		0.100189910694307	0.300581512587916	0.360830264890166					-0.334508996513524		-0.350039054436119	0.193311631582618			
GTEX-ZDYS		0.658023611804082	0.321265256126217					-0.219058471768871		0.276976484305348		0.430706263165627	-0.0141125428681711	0.16909904161332	-0.127099553198256	-0.18602565044548	
GTEX-ZE7O					0.301431608038597		-0.15333124214567		0.170446021238514				0.21669972487466	-0.215712208794898		0.687017756628836	-0.292372083519758
GTEX-ZEX8								-0.0515953518793751		-0.219318659104704		-0.259475617459272		-0.0337441578077458			
GTEX-ZF28		-0.389746281705036		-0.461968929941613	0.572419609676198		-1.18785464433928				0.358962183949826			0.110102339021687		0.498343915075656	
GTEX-ZF29		-0.715256396111851					-0.137260855583135	-0.0570439403421795	0.14976183355675	-0.255710105904458			-0.431539451743956				
GTEX-ZF2S	0.287447509406926	-0.0559070931386729	0.436136812688642				-0.337220589394412	0.580664701860254					0.657742301321286	-0.0963002136743198			
GTEX-ZF3C		-0.607729890959929	-0.324891424286923					0.991031817943386		0.505766484379236							
GTEX-ZG7Y		-0.116753988874829					0.0526971963398813	0.321980878346037		1.46521000415684							
GTEX-ZGAY			0.244085397112522					-0.476406734733368						-0.161229873077865		0.359045471077454	0.642119115587155
GTEX-ZLV1	0.0129372193139676		-0.586459208716447				-0.974537542542515	-1.34486714679493					-1.21714269133033			-0.719702727789115	
GTEX-ZP4G	0.4760554237916	0.857808937924348	0.34292463245916				0.291991440803878		0.184859602965839	-0.0242061559645946			0.10461560108022	-0.503250420027659			-0.427426131319956
GTEX-ZPCL							-1.11439452542125	0.298340505944175					0.752436715165439			0.878327909518269	
GTEX-ZPIC		0.770510099332045	-0.151470005483309				-0.571656231141464			1.246323428024				0.632620051967422			
GTEX-ZQG8							0.45485341552668		0.133590248793188					-0.526335214993154		-0.638528612519674	0.148051462026509
GTEX-ZT9W	0.654289127511976		0.321835019540183				1.13395806536459	0.515432624540685	0.674838346675078	0.307609458082884		0.669008760361909	-0.817222292516531		0.0539477265553153	-0.241606224256578	
GTEX-ZT9X	-1.25881258936738		-0.892913717667154					-0.144084531814538					0.439605216598028		-0.131272197799514	-1.16236429153699	
GTEX-ZTPG			0.114391000502567					0.239438951550695		-1.43472731519989				0.228750013528571		-0.03906939112321	0.0798746529890263
GTEX-ZTSS	-0.713321830315972						0.201501773588688	0.0735481336216638					0.24185619880836	0.190819696654835	0.679357207992746	0.0736167133704153	
GTEX-ZTTD							0.421362645952855					1.16078328930043	0.260372367913077				
GTEX-ZUA1	-1.13318471007466		-0.724413804369084	0.081069595312182	-0.487754524313675			0.71417945112417			0.0764462024584354	-1.24566835520932	0.978837397493301	0.268314561332372	0.237846467387611	0.609041093409273	
GTEX-ZV68					-0.392077974064817	0.286112913410347		0.268233236350977						-0.0489800755679705			
GTEX-ZV6S			1.08368415079514				0.0814656193753798							0.300204441672896		0.878635278829635	-0.249817789959474
GTEX-ZVE1													0.15076707032429				
GTEX-ZVE2			-0.0213237994953648					0.0217915064970501					0.196557401209529	0.422579511023387			
GTEX-ZVT2	0.546355964290472	-0.290474329274437	0.291191408562645				-0.887606045122288	0.643096961053225		-0.555039189912526			0.541250165925892	0.528660102398098			0.457082375054445
GTEX-ZVT3			-1.09033335484096	0.42553238762373	0.988322817511874		-0.300033695933278	0.0182726107929656						0.327626608124325		-0.0327689394502759	-0.412210075162916
GTEX-ZVT4							0.0234452156124798						0.442500896852981	0.424611294519569			
GTEX-ZVZP		1.13163994594605	-0.346240137391505							-0.188403702529896			-0.142791137173574	-0.429458592116986	-0.0192484372323285	-0.0598287041396968	
GTEX-ZVZQ				0.355977418529084	0.385544903341319		-0.0164800323237805									-0.0565475759747871	
GTEX-ZWKS													-0.825312642529421	-0.483406469512436			
GTEX-ZXES							-0.404964724631486	-0.500088208550418						0.272986932895477			-0.340056756097313
GTEX-ZXG5			0.354755185295762	0.586420735251623	0.114290320692796				0.114504686243943				0.54834223793474	0.159242678987999		0.099331072279848	
GTEX-ZYFD		0.208792444816384	-0.0661230817199266				-0.561955519011222					0.378269248540147	0.0883984937331662	-0.796186626485155		0.310818624844903	
GTEX-ZYFG	-0.20103706544459	-0.617638997746002					0.155842781631357	-0.257390350628001		-0.252035964770793			0.328175171735606	-0.42403629512381		0.248507385670067	
GTEX-ZYT6		1.02362129523463	0.37225329376738				-0.0856130038459182	0.502474252046192					0.870311835616967	-0.280851334607022	-0.205740657955099	0.243956661723123	
GTEX-ZYVF	0.213850404719043	0.0441340127905469	0.227906607640648					0.422126176927247					-0.000276667963426196			-0.7281783635835	0.614244941777438
GTEX-ZYY3		-0.161797477240231					-0.0607605395206153	0.125228092275388		-0.10148957329385	0.610008890872612		0.167623244132539	0.0694702629329258		-0.0951167649900685	-0.0837680411345298
GTEX-ZZ64			-0.12359551356487				-1.44178547580621	-0.113713211679186				-1.03388659711137	-0.162081190610008	0.0821303951058053	-0.527874884657759	-0.418186505298116	
GTEX-ZZPT								-0.413856817654749						-0.0363509225127574			
GTEX-ZZPU	2.04948623005992		-0.306556011418785							-0.311455239598686			0.458495625491579			0.156971111120336	-0.483661668954019
